2.602980
2.601710
2.600440
2.599170
2.648150
2.697120
2.746100
2.860620
2.975150
3.089670
2.826800
2.563920
2.301040
2.022380
1.743720
1.465050
1.344290
1.223520
1.516400
1.445720
1.375050
1.304380
1.355940
1.407500
1.459060
1.400810
1.342560
1.284310
1.297800
1.311290
1.324770
1.564080
1.803380
2.042680
2.468740
2.894800
3.320860
3.126610
2.932360
2.738110
2.331990
1.925870
1.715990
1.493160
1.270340
1.047520
1.071670
1.095830
1.119980
1.452940
1.785900
2.118860
2.125510
2.132170
2.138830
1.963780
1.788730
1.613680
1.880860
2.148030
2.415210
2.543320
2.671440
2.799560
2.586040
2.372520
3.196320
2.486370
1.776430
1.066490
2.081750
3.097000
4.112260
3.562370
3.012480
2.462600
2.737730
3.012850
3.287980
2.658080
2.028180
1.398280
1.697750
1.997230
2.296700
2.236230
2.175750
2.115270
2.015010
1.914750
2.569460
2.373650
2.177840
1.982040
1.657480
1.332930
1.008380
0.993210
0.978040
0.962880
0.955560
0.948250
0.940940
1.270230
1.599520
1.928810
1.816640
1.704460
1.592290
1.969260
2.346230
2.723200
2.760560
2.797920
1.639240
1.748680
1.858120
1.967560
1.821760
1.675960
1.530150
1.571560
1.612970
1.654390
1.589810
1.525220
1.460640
1.531220
1.601800
1.672370
1.637970
1.603560
1.569160
1.440200
1.311240
1.182270
1.376510
1.570740
2.588160
2.232400
1.876640
1.520880
1.706660
1.892450
2.078230
2.012660
1.947090
1.881530
1.758430
1.635330
1.512230
1.856000
2.199780
2.543550
1.986600
1.429650
0.872700
1.208520
1.544340
1.880160
1.795130
1.710110
1.001620
1.176200
1.350780
1.525370
1.461890
1.398420
1.334940
1.393070
1.451200
1.509320
1.556980
1.604650
1.652310
1.525370
1.398440
1.271500
1.703720
2.135940
2.568160
2.754420
2.940690
3.126960
2.978120
2.829290
2.925310
3.062560
3.199820
3.337080
2.992870
2.648660
2.304440
1.924020
1.543600
1.163180
1.326100
1.489020
1.651940
1.572930
1.493920
1.414910
1.521290
1.627680
1.734060
1.692700
1.651340
1.609980
1.642870
1.675770
2.054000
2.519620
2.985240
3.450870
2.982000
2.513130
2.044260
1.776050
1.507850
1.239650
1.336920
1.434190
1.531470
1.630850
1.730240
1.829620
2.191350
2.553080
2.914810
2.954600
2.994390
3.034180
3.211420
3.388660
3.310350
3.003050
2.695750
2.388450
2.055050
1.721650
1.388250
1.681480
1.974700
2.267920
1.875230
1.482540
1.089840
1.005590
0.921330
0.837080
0.857420
0.877770
0.898110
1.117000
1.335890
1.554780
1.449290
1.343810
0.807840
0.987990
1.168150
1.348310
2.069950
2.791600
3.513250
3.586120
3.658990
3.731870
3.383360
3.034860
2.686350
2.304850
1.923350
1.541850
1.326910
1.111970
0.897020
1.395810
1.894590
2.393370
2.397260
2.401150
2.301180
2.062360
1.823540
1.584720
1.541180
1.497650
1.454110
1.477460
1.500810
1.524160
1.148190
0.772210
0.396240
0.350600
0.304960
0.259320
0.543260
0.827210
1.111160
1.260710
1.410270
1.559820
1.586030
1.612230
2.070880
1.725610
1.380330
1.035050
1.018560
1.002060
0.985570
1.069360
1.153150
1.236940
1.353450
1.469960
1.586460
1.420560
1.254660
1.088750
1.279240
1.469730
1.660210
1.777890
1.895560
2.013240
1.990700
1.968160
2.108800
2.127830
2.146860
2.165900
1.959600
1.753310
1.547010
1.560640
1.574260
1.587880
1.707870
1.827860
1.947850
1.886820
1.825790
1.764770
2.435010
3.105260
3.775500
3.367590
2.959680
2.551770
2.813660
3.075540
1.401010
2.084320
2.767640
3.450960
3.548040
3.645130
3.742210
3.472990
3.203760
2.934530
2.595980
2.257420
1.918870
1.696320
1.473770
1.251230
1.425270
1.599320
1.773370
2.235320
2.697270
3.159210
2.883810
2.608410
2.522240
2.006480
1.490730
0.974970
0.950150
0.925330
0.900510
1.085950
1.271380
1.456820
1.644340
1.831870
2.019400
2.535560
3.051720
3.567870
3.701160
3.834440
3.967730
3.595020
3.222300
2.849590
3.327350
3.805100
3.891700
3.674500
3.457300
3.240100
3.527430
3.814760
4.102090
4.336970
4.571860
4.806750
4.896650
4.986540
5.076440
4.632870
4.189300
3.745730
3.792690
3.839650
3.886610
3.300520
2.714430
2.128330
2.492960
2.857580
4.234450
3.729420
3.224390
2.719360
2.763230
2.807110
2.850980
2.635800
2.420620
2.205450
2.192960
2.180480
2.168000
1.884560
1.601130
1.317690
2.135440
2.953180
3.770930
3.635600
3.500260
3.364930
3.565790
3.766660
3.772780
3.369100
2.965410
2.561720
2.348090
2.134460
1.920830
2.211090
2.501350
2.791610
3.915850
5.040090
6.164340
6.052540
5.940740
5.828940
6.100790
6.372640
6.644480
6.104230
5.563980
5.023730
4.385140
3.746540
4.440770
4.469290
4.497810
4.526320
4.641610
4.756890
4.872170
5.010690
5.149210
5.287740
5.089840
4.891950
4.694060
4.444990
4.195930
3.946870
3.109830
2.272790
1.435750
2.049310
2.662870
3.276430
3.004640
2.732850
4.016870
3.703880
3.390900
3.077910
2.798030
2.518150
2.238280
2.134830
2.031380
1.927930
1.845600
1.763280
1.680960
1.790000
1.899050
2.008100
2.001730
1.995360
1.988990
1.565880
1.142770
0.719670
1.047930
1.376190
3.230660
3.003500
2.776340
2.549190
2.202530
1.855880
1.509220
1.500930
1.492640
1.484350
1.347950
1.211540
1.075140
1.134060
1.192980
1.251910
1.635580
2.019250
2.402920
2.164010
1.925110
1.686200
1.965060
2.243910
2.399390
2.389740
2.380080
2.370430
2.029220
1.688010
1.346800
1.404450
1.462110
1.519760
1.204200
0.888640
0.573080
0.809230
1.045390
1.281540
1.965160
2.648770
3.332390
3.077710
2.823040
2.568360
2.523940
2.479520
1.506290
1.507020
1.507740
1.508470
1.320850
1.133220
0.945590
0.894850
0.844100
0.793360
1.101370
1.409380
1.717380
1.841470
1.965550
2.089640
2.529190
2.968740
3.408290
3.227090
3.045890
2.864690
2.468650
2.072620
0.692630
1.217480
1.742330
2.267180
2.060210
1.853240
1.646270
1.661850
1.677430
1.693010
1.453080
1.213150
0.973220
0.914460
0.855710
0.796950
1.500840
2.204730
2.908630
2.794600
2.680580
2.566550
2.304800
2.043050
2.030190
2.108800
2.187410
2.266010
1.756190
1.246380
0.736560
0.956010
1.175460
1.394910
1.255860
1.116800
0.977750
0.934850
0.891950
0.849050
1.131360
1.413660
1.695970
1.882270
2.068580
2.254890
2.030590
1.806290
1.628320
1.747400
1.866490
1.985580
1.717420
1.449270
1.181120
1.132740
1.084350
1.035970
1.016330
0.996690
0.977050
0.961960
0.946870
0.931770
1.551740
2.171710
2.791680
2.638290
2.484900
2.331500
2.117150
1.902800
1.807910
1.768380
1.728840
1.689310
3.081060
4.472799
5.864550
5.490140
5.115730
4.741320
4.548900
4.356490
4.164070
4.079610
3.995140
3.910670
3.392420
2.874160
2.355910
1.967390
1.578860
1.190340
1.294420
1.398500
1.690130
2.126160
2.562180
2.998200
2.690460
2.382710
2.074960
2.049700
2.024440
1.999180
2.164960
2.330730
2.496510
2.408960
2.321410
2.233870
1.919770
1.605670
1.291570
1.234760
1.177940
1.121120
1.522170
1.923220
2.526350
2.080320
1.634290
1.188260
1.444640
1.701020
1.957400
1.892160
1.826920
1.761690
1.690270
1.618850
1.547440
1.382890
1.218340
1.053790
0.925850
0.797900
0.669960
0.870770
1.071590
1.272400
1.587680
1.902960
2.222460
2.101160
1.979850
1.858550
1.586740
1.314930
1.043130
1.157460
1.271790
1.386130
1.357960
1.329780
1.301610
1.145200
0.988800
0.832390
1.221340
1.610290
1.999250
2.300950
2.602650
2.904360
2.753180
2.602010
2.176220
2.089940
2.003670
1.917390
1.813960
1.710530
1.607090
1.529500
1.451900
1.374310
1.235960
1.097610
0.959270
0.966280
0.973290
0.980300
1.370670
1.761050
2.151430
1.953490
1.755560
1.557620
1.574480
1.591340
1.478850
1.354620
1.230390
1.106160
1.307140
1.508120
1.709100
1.688280
1.667460
1.646640
1.485130
1.323630
1.162120
1.295240
1.428360
1.561480
2.019040
2.476600
2.934160
3.023340
3.112530
3.201720
3.063330
2.924950
2.534590
2.378060
2.221530
2.065000
2.955510
3.846020
4.736529
3.926410
3.116290
2.306170
2.604970
2.903780
3.202590
4.126280
5.049980
5.973680
6.647930
7.322170
7.996420
6.980240
5.964070
4.947890
4.063100
3.178310
2.464410
2.590250
2.716090
2.841930
2.817400
2.792870
2.768330
3.154350
3.540370
3.926400
4.270760
4.615120
4.959480
5.517970
6.076470
6.634960
6.600959
6.566960
6.532960
5.961600
5.390250
4.818900
3.887160
2.955420
3.307100
3.006480
2.705870
2.405250
2.334130
2.263010
2.191900
2.378860
2.565830
2.752800
3.259890
3.766990
4.274090
4.830860
5.387630
5.944400
6.177410
6.410430
6.643450
6.323880
6.004310
5.684740
4.982820
4.280900
3.411270
3.189160
2.967060
2.744950
2.417420
2.089900
1.762370
1.556870
1.351370
1.145880
1.293980
1.442090
1.590200
1.351380
1.112570
0.873750
1.155020
1.436290
1.717570
1.778650
1.839730
1.900810
2.168450
2.436100
2.846210
2.827560
2.808920
2.790280
2.346050
1.901830
1.457610
1.502040
1.546460
1.590880
1.099130
0.607370
0.115620
0.431970
0.748330
1.064680
1.947740
2.830800
3.713860
3.459750
3.205630
2.951520
2.775490
2.599460
2.338320
2.212110
2.085900
1.959690
1.515070
1.070450
0.625830
0.987350
1.348870
1.710390
1.373670
1.036960
0.700240
0.960370
1.220500
1.480630
1.867590
2.254560
2.641530
2.138430
1.635330
1.132230
1.667620
2.203000
2.848590
2.751200
2.653820
2.556440
2.119240
1.682040
1.244840
1.297900
1.350960
1.404030
1.191850
0.979680
0.767510
1.128300
1.489080
1.849860
2.642390
3.434920
4.227450
3.672280
3.117110
2.561940
2.228190
1.894440
0.961990
0.942650
0.923310
0.903970
1.109940
1.315910
1.521890
1.858590
2.195290
2.532000
2.442600
2.353210
2.263810
1.855030
1.446250
1.037460
2.350270
3.663080
4.975890
4.357560
3.739220
3.120890
2.757040
2.393190
3.325970
3.522770
3.719580
3.916380
3.240200
2.564020
1.887840
2.210310
2.532780
2.855240
2.847230
2.839210
2.831190
3.531030
4.230860
4.930700
5.011600
5.092510
5.173410
4.503010
3.832600
3.162200
3.165000
3.167800
2.486100
2.458430
2.430760
2.403100
2.581550
2.760000
2.938450
3.001160
3.063860
3.126560
3.620450
4.114340
4.608220
5.556009
6.503800
7.451590
7.410040
7.368490
7.326940
6.933090
6.539240
6.145390
5.048710
3.952020
3.538900
4.071050
4.603210
5.135370
5.197670
5.259970
5.322270
5.012080
4.701890
4.391710
4.432940
4.474180
4.515420
4.947270
5.379120
5.810979
5.680670
5.550370
5.420060
5.033160
4.646249
4.259350
4.071970
3.884590
2.869560
3.123400
3.377240
3.631080
3.367910
3.104740
2.841570
2.798790
2.756020
2.713250
2.809490
2.905740
3.001990
2.870890
2.739800
2.608710
2.210840
1.812960
1.415090
1.411940
1.408790
1.405640
1.146500
0.887370
2.473400
2.269680
2.065960
1.862240
1.921510
1.980770
2.040030
2.002520
1.965020
1.927520
1.979990
2.032460
2.084940
1.784870
1.484810
1.184740
1.005380
0.826010
0.646640
1.078330
1.510020
1.941710
2.030320
2.118920
2.814040
2.379560
1.945080
1.510600
1.820950
2.131300
2.441650
2.434540
2.427430
2.420320
1.921030
1.421740
0.922450
1.025110
1.127780
1.230440
1.467730
1.705020
1.942300
1.858230
1.774160
1.690090
1.888110
2.086120
3.445930
2.989500
2.533060
2.076620
1.963970
1.851320
1.738670
1.766700
1.794730
1.822770
1.626890
1.431010
1.235130
1.228370
1.221610
1.214840
1.445350
1.675860
1.906370
1.820180
1.733980
1.647790
1.390760
1.133730
1.503050
2.563350
3.623650
4.683950
4.506630
4.329310
4.151990
4.164280
4.176570
4.188860
4.492580
4.796300
5.100010
5.220410
5.340820
5.461220
5.074800
4.688380
4.301960
3.460410
2.618870
1.777330
2.034850
2.292370
2.431740
2.384060
2.336370
2.288680
2.352310
2.415940
2.479560
2.428000
2.376440
2.324880
2.754850
3.184820
3.614790
3.020360
2.425930
1.831500
2.511820
3.192130
3.872440
3.829570
3.786710
3.743840
3.411040
3.078250
2.545420
2.296000
2.046590
1.797170
1.768300
1.739420
1.710550
2.044880
2.379210
2.713540
2.631320
2.549100
2.466890
2.182620
1.898340
1.614070
1.855620
2.097170
2.338720
1.944460
1.550210
1.155950
2.073250
2.990560
4.241390
3.694700
3.148020
2.601330
2.929820
3.258310
3.586810
3.629510
3.672210
3.714910
4.065800
4.416690
4.767580
5.357670
5.947760
6.537860
6.458270
6.378670
6.299080
6.060390
5.821710
5.583020
5.065890
4.548760
3.741620
3.249760
2.757890
2.266020
2.283180
2.300340
2.317500
2.360520
2.403530
2.446550
2.121920
1.797290
1.472670
1.176580
0.880490
0.584400
1.168720
1.753040
2.337350
1.903960
1.470580
1.037190
1.507850
1.978500
2.675770
2.939290
3.202820
3.466350
3.214730
2.963110
2.711490
2.535650
2.359810
2.183970
2.169530
2.155090
2.140650
2.057400
1.974140
1.890880
1.934200
1.977520
2.020840
1.830730
1.640630
1.450520
2.126110
2.801700
2.447700
2.005240
1.562790
1.120330
1.284570
1.448810
1.613050
1.715640
1.818220
1.920810
1.684800
1.448790
1.212780
1.150060
1.087350
1.024630
1.326000
1.627370
1.928740
2.006140
2.083540
2.160940
2.423990
2.687040
2.921130
2.699600
2.478080
2.256550
2.080270
1.904000
1.727720
1.690160
1.652600
1.615030
1.588760
1.562490
1.536210
1.365850
1.195490
1.025130
1.225050
1.424960
1.624880
1.637120
1.649360
1.661610
2.022750
2.383900
2.035660
1.832790
1.629920
1.427040
1.636550
1.846050
2.055560
2.032800
2.010040
1.987290
1.799820
1.612350
1.424880
1.439560
1.454240
1.468930
1.296720
1.124520
0.952320
1.174400
1.396480
1.618560
1.918040
2.217520
1.863780
1.680820
1.497870
1.314910
1.327760
1.340620
1.353470
1.458100
1.562730
1.667360
1.839940
2.012530
2.185110
2.373410
2.561710
2.750000
2.772040
2.794080
2.816120
2.694460
2.572800
2.451140
2.463380
2.475610
1.977430
1.718740
1.460050
1.201360
1.286510
1.371660
1.456810
1.544610
1.632400
1.720200
1.966980
2.213750
2.460530
2.672920
2.885320
3.097720
2.652840
2.207960
1.763080
1.714900
1.666720
1.618550
2.029390
2.440230
2.156750
2.247560
2.338380
2.429200
2.085180
1.741170
1.397160
1.545330
1.693510
1.841680
1.738240
1.634790
1.531340
2.165780
2.800210
3.434650
2.986660
2.538680
2.090690
2.071090
2.051490
2.031890
1.992850
1.953810
1.985630
1.699730
1.413840
1.127950
1.362560
1.597170
1.831780
1.962980
2.094180
2.225380
2.092790
1.960200
1.827610
1.514330
1.201060
0.887790
1.063940
1.240100
1.416250
1.375210
1.334170
1.293130
0.924040
0.554960
1.420070
1.421080
1.422090
1.423100
1.640810
1.858520
2.076240
2.155420
2.234600
2.313780
2.204670
2.095570
1.986470
1.525840
1.065210
0.604590
0.788810
0.973020
1.157240
1.418360
1.679480
1.940600
2.187080
2.433560
3.331680
2.319720
1.307770
0.295810
0.695850
1.095890
1.495930
1.660860
1.825790
1.990710
1.738500
1.486280
1.234070
1.063790
0.893500
0.723220
1.221590
1.719950
2.218320
2.097230
1.976140
1.855050
1.921630
1.988200
2.769670
2.230180
1.690700
1.151220
1.334760
1.518300
1.701850
1.782310
1.862760
1.943220
1.510830
1.078430
0.646040
0.777630
0.909220
1.040810
1.129890
1.218980
1.308070
1.349530
1.391000
1.432460
1.576460
1.720460
1.823710
1.741970
1.660240
1.578500
1.700150
1.821810
1.943460
1.952360
1.961260
1.970160
1.724920
1.479680
1.234450
1.002650
0.770850
0.539050
1.196470
1.853900
2.511320
3.778960
5.046590
6.314230
5.581640
4.849060
2.738880
2.492100
2.245310
1.998530
2.162400
2.326270
2.490130
2.597930
2.705730
2.813520
3.026570
3.239610
3.452660
3.195990
2.939330
2.682670
2.952180
3.221690
3.491210
3.097950
2.704690
2.311430
2.456000
2.600580
2.262210
1.899020
1.535830
1.172640
1.335940
1.499250
1.662550
1.878780
2.095000
2.311220
2.214120
2.117020
2.019920
1.888240
1.756570
1.624900
1.703050
1.781200
1.859360
1.988690
2.118020
2.247360
2.504070
2.760780
2.769770
2.419450
2.069140
1.718820
1.762500
1.806180
1.849860
2.065880
2.281900
2.497920
2.203720
1.909520
1.615330
1.233800
0.852280
0.470750
0.663770
0.856790
1.049800
1.170180
1.290550
1.410930
2.155760
2.900600
3.485500
4.261840
5.038179
5.814520
5.655870
5.497210
5.338550
5.380660
5.422770
5.464870
5.647120
5.829360
6.011610
6.744870
7.478130
8.211389
7.950710
7.690030
7.429350
6.341380
5.253410
4.165430
4.132230
4.099030
2.384450
2.580370
2.776290
2.972210
3.009550
3.046900
3.084250
2.875490
2.666730
2.457970
2.469880
2.481800
2.493720
3.062840
3.631970
4.201090
4.788900
5.376710
5.964520
4.964430
3.964330
2.964240
2.821530
2.678830
2.108910
2.011640
1.914370
1.817100
2.145910
2.474710
2.803520
3.399550
3.995570
4.591600
4.694500
4.797410
4.900310
5.613270
6.326230
7.039200
6.770810
6.502420
6.234029
5.867479
5.500930
5.134380
5.118270
5.102170
3.522970
3.597910
3.672850
3.747780
4.079090
4.410400
4.741710
4.394210
4.046710
3.699220
3.683840
3.668460
3.653080
4.001410
4.349750
4.698080
4.331950
3.965810
3.599680
2.940440
2.281210
1.621970
1.528390
1.434810
2.429530
2.536880
2.644230
2.751590
2.548470
2.345360
2.142240
2.217290
2.292330
2.367370
2.596220
2.825060
3.053910
2.545570
2.037230
1.528880
1.242980
0.957080
0.671180
1.595870
2.520570
3.445270
2.880550
2.315840
1.447720
1.799750
2.151780
2.503800
2.180150
1.856490
1.532840
1.562710
1.592590
1.622460
1.904980
2.187510
2.470030
1.984580
1.499130
1.013670
1.174720
1.335760
1.496800
1.601680
1.706560
1.811440
1.725020
1.638600
1.348660
1.372780
1.396900
1.421020
1.630080
1.839140
2.048200
2.116980
2.185750
2.254530
2.117230
1.979930
1.842630
1.343050
0.843480
0.343900
0.868640
1.393370
1.918100
2.079910
2.241720
2.403530
2.380410
2.357290
2.334170
1.961580
1.588990
1.216390
1.386560
1.556720
1.726890
1.769240
1.811600
1.853950
1.813310
1.772670
1.902070
1.710010
1.517940
1.325880
1.567470
1.809070
2.050670
2.051610
2.052560
2.053510
2.109050
2.164600
1.838230
1.825680
1.813120
1.800570
1.853120
1.905670
1.958230
1.822620
1.687010
1.551410
1.650430
1.749450
