3.088197
3.204182
3.335855
3.453766
3.638822
3.809187
4.015589
4.285705
4.472313
4.595222
4.519592
4.479090
4.346430
4.178471
4.027446
3.819549
3.626594
3.369585
3.239744
2.977335
2.671471
2.390621
2.213727
1.993437
1.859207
1.744677
1.656029
1.470173
1.593135
1.576961
1.670927
1.773163
2.026070
2.184349
2.490942
2.713023
3.033645
3.035358
3.011428
3.043470
2.905447
2.765333
2.654324
2.516242
2.447415
2.309560
2.275581
2.274477
2.333141
2.423299
2.457975
2.641396
2.768082
2.809836
2.986681
3.096073
3.175061
3.159770
3.290573
3.485888
3.612531
3.689888
3.729959
3.663728
3.511100
3.370637
3.547415
3.098552
2.708421
2.387702
2.597260
2.855871
3.193574
2.867725
2.560264
2.282969
2.354780
2.487612
2.668779
2.407958
2.224617
2.069108
2.206439
2.346416
2.531490
2.538900
2.460384
2.297125
2.269646
2.055882
2.147726
2.041361
1.954468
1.852605
1.534000
1.443816
1.243239
1.221938
1.283086
1.243139
1.336329
1.407030
1.642692
1.934062
2.184654
2.402747
2.549406
2.667759
2.639859
2.780867
2.937141
3.003457
2.908855
2.818482
2.423904
2.422348
2.445315
2.498530
2.477384
2.460360
2.446378
2.502871
2.631443
2.774458
2.820918
2.946415
3.064106
3.281868
3.438575
3.574926
3.628979
3.672833
3.715884
3.655173
3.559258
3.433356
3.447184
3.334097
3.529512
3.249242
2.971854
2.699276
2.678184
2.660843
2.681459
2.650864
2.635127
2.598110
2.629054
2.635695
2.657679
2.802525
2.998878
3.271915
3.116765
2.991351
2.891078
3.104084
2.907395
2.913225
2.843811
2.717416
2.378132
2.220399
2.075042
1.968583
1.907166
1.827330
1.853820
1.995406
2.109873
2.305555
2.461256
2.660739
2.928846
3.032103
3.157271
3.228310
3.445391
3.697275
3.940632
4.023753
4.038091
4.020267
3.787824
3.551594
3.424078
3.263393
3.092178
3.014467
2.789140
2.576048
2.433286
2.342906
2.246875
2.120475
2.226963
2.433337
2.551922
2.631180
2.713260
2.751743
2.814590
2.927602
2.972048
2.907471
2.817537
2.738110
2.665089
2.541498
2.573098
2.616953
2.695457
2.790513
2.496537
2.267752
2.086778
2.019036
1.913772
1.853727
1.951584
2.106355
2.265059
2.452981
2.645244
2.800867
3.066757
3.285868
3.494747
3.561116
3.588243
3.545907
3.537103
3.505316
3.367815
3.143701
2.918487
2.707375
2.532358
2.392270
2.218513
2.320132
2.412531
2.495932
2.359439
2.202477
2.097993
2.127929
2.140898
2.106950
2.151670
2.152600
2.173903
2.220904
2.322701
2.356984
2.310564
2.262058
2.051528
2.049688
2.043618
2.037325
2.262918
2.506757
2.865052
2.919936
3.054163
3.183579
3.093484
3.045162
3.000182
2.988454
2.982697
2.927843
2.995453
2.932690
2.938311
3.113772
3.200901
3.336009
3.211283
2.996577
2.802109
2.560681
2.355638
2.238518
2.142668
2.103369
2.100814
2.058079
2.075811
2.031877
1.858153
1.738190
1.691040
1.799340
1.986222
2.014895
2.213288
2.402288
2.521871
2.601367
2.661682
2.677364
2.623960
2.521864
2.519835
2.290326
2.097524
1.981289
1.875230
1.830857
1.871679
1.909528
1.975945
2.102185
2.222596
2.386352
2.543213
2.582755
2.625109
2.720863
2.911806
3.050081
3.255570
3.348071
3.401015
3.420324
3.427201
3.274252
3.200367
3.066758
2.970356
2.885943
2.758980
2.645134
2.568956
2.604309
2.619825
2.739634
2.879143
3.068559
3.318451
3.471892
3.585660
3.741434
4.179583
4.559760
4.990371
4.796646
4.531888
4.234090
4.218364
4.197179
3.406229
3.497211
3.628449
3.790009
3.776813
3.798373
3.850093
3.786579
3.711297
3.636954
3.554257
3.472338
3.404937
3.400972
3.388335
3.403355
3.540444
3.708144
3.812667
3.963135
4.145233
4.278091
4.130609
3.969116
3.913234
3.779243
3.637462
3.502034
3.595692
3.713163
3.780524
4.047492
4.276380
4.598203
4.954770
5.322309
5.659857
6.136996
6.658600
7.140766
7.459050
7.718656
7.886066
7.820043
7.683936
7.591407
7.792887
7.993550
7.959321
7.703325
7.429282
7.147261
7.003007
6.843492
6.656107
6.464570
6.332601
6.271809
6.172562
6.174227
6.243591
5.981911
5.694433
5.486175
5.354917
5.380208
5.380389
4.765261
4.295407
3.965457
3.913330
3.719359
4.090987
3.687937
3.110481
2.873749
2.637002
2.523678
2.403847
2.235589
2.126897
2.176527
2.273543
2.451363
2.827770
3.043965
3.345636
3.764493
4.379071
4.960315
5.605657
6.003444
6.280893
6.594878
6.954225
7.308153
7.433376
7.371584
7.360643
7.283248
7.227899
7.152361
7.054214
7.099493
7.170232
7.291651
7.841057
8.651245
9.673870
9.827136
9.996243
10.061224
10.382518
10.719781
10.991009
10.438320
9.905508
9.337659
8.778370
8.195091
8.221371
7.871604
7.534785
7.037988
6.604582
6.156086
5.778925
5.501363
5.384742
5.386516
5.258145
5.174525
5.193150
5.262703
5.092738
4.860927
4.426561
3.983487
3.706000
3.855630
4.075755
4.264019
3.940778
3.941595
4.365674
4.043417
3.648618
3.291753
3.107057
2.764012
2.394349
2.400366
2.341307
2.371117
2.519341
2.661709
2.872586
3.052298
3.378083
3.616308
3.598529
3.688794
3.651698
3.337742
3.186603
2.912828
2.928862
2.779256
3.136795
2.833557
2.598607
2.358701
2.081041
1.917081
1.724801
1.571852
1.478780
1.462040
1.446009
1.432632
1.613336
1.838766
2.085688
2.249866
2.591147
2.816456
3.083781
3.068119
2.994530
2.870182
2.882932
2.812853
2.693827
2.609238
2.579578
2.625888
2.553952
2.529813
2.481704
2.594725
2.721963
2.836640
2.765446
2.780939
2.781517
2.994100
3.156492
3.376285
3.620526
3.950188
4.329020
4.158176
3.929723
3.749511
3.636685
3.403734
2.867488
2.591358
2.415398
2.229900
2.100469
1.964673
1.876620
1.891073
1.881291
1.897738
2.037924
2.279479
2.530057
2.724541
2.932001
3.089349
3.384602
3.683546
3.909031
3.792148
3.687450
3.579070
3.319955
3.072219
2.495873
2.428441
2.391391
2.389506
2.189517
2.023648
1.832920
1.809270
1.760451
1.795865
1.759813
1.694896
1.607265
1.638651
1.709091
1.750284
2.049900
2.440646
2.840022
2.804907
2.688675
2.684561
2.683088
2.223148
2.217010
2.037021
1.855691
1.742765
1.490309
1.296932
1.079927
1.186176
1.317941
1.521945
1.620077
1.722696
1.775769
1.884890
2.026481
2.173702
2.394344
2.560046
2.755705
2.890764
2.936432
3.022255
2.952376
2.777939
2.612250
2.542973
2.451054
2.384452
2.239988
2.085321
1.945675
1.952777
1.985841
2.033413
2.111950
2.224310
2.359033
2.514440
2.641283
2.804802
3.175012
3.529285
3.917530
3.901615
3.897173
3.904334
3.786818
3.753930
3.646518
3.525038
3.458029
3.361618
3.854371
4.513434
5.461632
5.321562
5.208076
5.102001
5.091658
5.071700
5.055990
5.087253
5.135859
5.204768
5.033733
4.726061
4.448250
4.241379
4.092669
3.828101
3.720610
3.565020
3.446762
3.367864
3.335891
3.414175
3.141133
2.967684
2.777682
2.724619
2.709107
2.705448
2.828343
2.953155
3.074018
3.158687
3.233129
3.273139
3.187522
3.157892
3.152112
3.223269
3.289626
3.399306
3.470342
3.448248
3.643582
3.413896
3.224730
3.014564
2.971979
2.968887
3.015074
2.911711
2.886774
2.904907
2.857640
2.912120
3.078131
3.060049
3.182105
3.197819
3.238358
3.148552
3.037536
3.188235
3.185182
3.138079
3.172062
3.070501
2.960533
2.712141
2.493853
2.286640
2.100945
1.962445
1.845821
1.900928
2.039783
2.258391
2.367274
2.536173
2.734214
2.815332
2.870847
2.839054
3.065778
3.271124
3.448951
3.514677
3.492354
3.465858
3.227165
2.990244
2.634216
2.471930
2.327880
2.166678
2.074794
1.966036
1.935993
1.953158
2.037780
2.113311
2.201671
2.372450
2.465367
2.645252
2.818000
2.929080
3.213961
3.462363
3.613964
3.518550
3.385437
3.206817
3.117396
3.008207
2.884983
2.707156
2.535357
2.391429
2.354902
2.378872
2.484088
2.584785
2.745981
2.863577
2.973902
3.082588
3.210660
3.494573
3.758555
4.007866
4.366070
4.709296
4.995482
5.081258
5.078744
5.090400
4.959997
4.774299
4.525939
4.366301
4.242743
4.132154
4.478962
4.901716
5.549525
5.195753
4.848487
4.597809
4.956486
5.259031
5.536774
6.418477
7.306462
8.154437
8.720024
9.189010
9.530417
8.214735
7.068472
6.108087
5.379012
4.712818
4.151840
3.929533
3.733698
3.650991
3.551040
3.387115
3.331725
3.481904
3.645026
3.876885
4.191088
4.588251
5.061806
5.761299
6.232942
6.695483
6.651673
6.612948
6.390663
5.839045
5.463112
4.847193
4.272218
3.511302
3.264647
2.812222
2.384775
1.933816
1.723721
1.397279
1.261807
1.303580
1.471729
1.350265
1.525826
1.585935
1.788586
1.990735
2.043392
2.336020
2.358561
2.292789
2.356865
1.926307
1.581657
1.176872
0.597968
2.038178
2.976160
2.744929
2.097429
2.093305
2.038579
2.024639
2.820421
2.622632
2.935133
2.299008
2.422313
2.216442
2.358650
2.684366
2.806869
2.746104
2.827211
2.571601
2.101761
0.151583
0.429273
0.489507
0.793729
1.203459
1.575980
1.655302
1.858035
1.926670
1.811677
1.776210
1.853452
2.172316
2.444243
2.829834
2.916232
3.157155
3.281918
3.751787
4.065351
4.324056
4.718196
5.080785
5.409856
5.145061
4.832840
4.505178
4.161200
3.784824
3.409549
3.136328
2.951920
2.787726
2.521268
2.263319
2.085862
2.336867
2.592025
2.855937
2.717731
2.599693
2.513919
2.777761
3.030073
3.226329
3.446263
3.607755
3.733425
3.295994
2.896075
2.536174
2.577090
2.600189
2.689048
2.420874
2.275410
2.147312
1.919079
1.729539
1.594434
1.627066
1.712897
1.848063
1.859517
1.891623
1.983415
2.390091
2.776241
3.079082
3.528690
3.988361
4.514278
4.302379
4.085693
3.931491
3.760459
3.628608
3.278140
3.181689
3.118897
3.118978
3.187238
3.307190
3.524405
3.835866
4.201131
4.613834
4.766501
4.990308
5.218534
5.277225
5.318855
5.349925
6.167706
7.019310
7.950835
7.547429
7.179491
6.827836
6.602059
6.374410
6.756357
6.830226
6.854444
6.925462
6.522679
6.139774
5.741730
5.812122
5.925442
6.075270
6.052381
6.074179
6.036240
6.544872
7.200262
7.863396
8.102509
8.304209
8.425209
7.869763
7.542536
7.118052
7.088691
6.971038
6.624358
6.653475
6.596781
6.486912
6.586463
6.655870
6.747875
6.940415
7.123066
7.239727
7.806517
8.341735
8.860315
9.849955
10.716736
11.651980
11.613649
11.530577
11.346321
10.786934
10.201630
9.657645
8.613975
7.724416
7.293622
7.324446
7.413785
7.612988
7.560822
7.520477
7.409724
7.224680
7.090407
7.056608
7.256080
7.490499
7.756515
8.178671
8.596146
8.823570
8.530620
8.286614
7.933030
7.629212
7.156631
6.796993
6.178934
5.874226
4.961968
4.793461
4.701786
4.496227
4.264460
3.862672
3.456005
3.352198
3.116816
2.940959
2.891555
2.819396
2.667706
2.432435
2.420191
2.200582
1.827848
1.576652
1.332855
1.403352
1.279917
1.200977
1.069542
0.877281
1.243949
1.094158
1.021127
0.907039
0.975873
1.026853
1.078125
1.182121
1.369997
1.519278
1.763757
2.057831
2.470510
2.605001
2.742732
2.745590
2.853763
2.882184
2.780048
2.966211
2.971246
2.945090
2.824129
2.581623
2.618075
2.089081
1.593186
1.087017
0.975222
1.006763
1.181430
1.284280
1.420244
1.637834
1.511723
1.433648
1.462784
1.787953
2.061898
2.331481
2.630051
2.879949
3.053370
3.046926
3.087517
3.022057
2.982059
2.958102
3.412483
3.122493
2.859174
2.681302
2.741602
2.773056
2.904708
3.165019
3.450146
3.743380
3.892504
4.054363
4.203248
4.433671
4.642583
4.739727
4.915067
5.051306
5.096063
4.946495
4.755134
4.528156
4.129543
3.724019
3.556669
3.576561
3.672027
3.879469
3.628359
3.453989
3.397146
3.592211
3.838112
4.154435
4.770221
5.445085
6.145328
6.583713
6.871041
7.076463
6.630040
6.186329
5.727332
4.978617
4.386944
3.852055
3.751749
3.622737
3.514777
3.502011
3.651767
3.910083
4.374581
4.890944
5.335052
5.771266
6.207851
6.441295
6.978036
7.522428
7.957732
7.547784
7.194628
7.056289
7.350352
7.645031
7.986958
8.041569
7.884109
7.583859
7.189664
6.760421
6.198307
5.782026
5.248363
4.760913
4.457172
4.177877
3.899263
3.766245
3.624198
3.403569
3.167696
2.944242
2.818427
2.730846
2.806387
2.853185
2.840303
3.013682
3.555738
3.812882
4.136850
4.417942
5.070517
5.680826
6.570614
6.714704
6.866856
6.948627
7.326999
7.793730
8.265544
8.608362
8.845037
8.859861
9.141502
9.325798
9.657835
10.058729
10.457274
10.733799
10.210180
9.613661
9.072948
8.491681
7.935652
7.359014
6.680014
5.960734
5.182308
4.802322
4.258237
3.604832
3.430517
3.102206
3.063139
3.068942
3.017324
3.090861
2.921530
2.613192
2.559803
2.380579
2.267222
2.038436
2.214362
2.315348
2.320566
2.041464
1.871239
1.694996
1.664669
1.611372
1.919036
1.838554
1.938507
2.117709
1.989218
1.913984
1.834828
1.879475
1.904604
1.929513
2.027328
2.192264
2.256393
2.232841
2.182268
2.100378
1.990027
1.905795
1.797763
1.551558
1.330505
1.140117
1.264126
1.516281
1.368518
1.264809
1.268956
1.315814
1.637526
1.996293
2.421777
2.819074
3.184707
3.533558
3.608282
3.683474
3.788068
3.909108
3.990444
3.993863
4.070772
4.126503
4.184635
4.009879
3.781297
3.455011
3.199176
2.925761
2.676336
2.198957
1.803961
1.472582
1.214857
0.991686
0.848957
0.856612
0.830698
0.905406
0.985393
1.044930
1.140489
1.197415
1.213725
1.169212
1.386678
1.564640
1.676952
1.595657
1.497531
1.478500
1.581140
1.654682
1.369011
1.174136
0.962562
0.843446
0.955794
1.142062
1.364931
1.556833
1.768680
2.033072
2.143688
2.284439
2.377120
2.630409
2.805459
2.955757
2.947366
2.791559
2.692609
2.660247
2.626589
2.560982
2.431849
2.335482
1.975923
1.683968
1.471575
1.269927
1.184464
1.187160
1.229598
1.348244
1.520685
1.672795
1.931662
2.162165
2.487835
2.768366
3.076057
3.339052
3.429900
3.528457
3.588867
3.491046
3.408433
3.271290
3.141732
3.032502
2.741033
2.596796
2.473314
2.396801
2.448919
2.548721
2.690580
2.848967
2.994487
3.122038
3.394500
3.602623
3.818223
4.016413
4.195099
4.371558
4.084670
3.782152
3.472124
3.300306
3.134430
2.972504
3.017234
2.986706
2.727024
2.747652
2.722453
2.686513
2.479287
2.290346
2.099975
2.129089
2.229971
2.358085
2.375717
2.360006
2.383961
2.726854
3.123602
3.524568
3.214866
3.045467
2.802342
2.689448
2.590073
2.466735
2.320861
2.155092
2.066980
1.817921
1.629335
1.452855
1.468222
1.580573
1.699720
1.858111
2.037390
2.188102
2.239716
2.253810
2.403248
2.431477
2.401670
2.357107
2.465600
2.594440
2.645378
2.571451
2.464149
2.295358
1.887154
1.515132
1.670646
1.538396
1.397255
1.296699
1.337050
1.458400
1.629022
1.800194
1.971441
2.156684
2.259960
2.336478
2.447784
2.287215
2.113023
1.944077
2.057764
2.070261
2.040748
2.001501
1.951342
1.863958
1.662026
1.459609
1.755482
1.108660
0.525694
0.000192
0.098073
0.256005
0.499629
0.685053
0.897821
1.156712
1.201944
1.201523
1.177537
1.208726
1.252728
1.313442
1.677783
1.925955
2.101349
1.896150
1.681813
1.394059
1.161402
0.917484
1.013109
0.535142
0.155137
2.634827
2.729432
2.178128
0.010305
0.149676
0.323240
0.539292
0.417619
0.293369
0.243317
0.495111
0.726732
0.925210
1.020109
1.125698
1.120649
1.071256
1.079662
1.079426
1.053209
1.015486
0.932765
0.780286
0.621268
0.489069
0.579224
0.680471
0.832770
1.014091
1.260601
1.510978
1.666973
1.796493
1.918539
2.061521
2.173517
2.259713
2.759975
3.210983
3.647260
4.441986
5.256915
6.075766
5.359175
4.748172
3.460246
3.345774
3.208991
3.100373
3.264401
3.457518
3.635335
3.813145
4.016137
4.196712
4.481335
4.740109
5.011818
4.930438
4.775687
4.550718
4.663594
4.707274
4.696506
4.183139
3.818534
3.387289
3.058603
2.999045
2.623123
2.457901
2.023417
1.617141
1.422654
1.182650
0.954686
0.908998
1.018217
1.175456
1.245681
1.382167
1.567114
1.610662
1.721546
1.666966
1.745272
1.860638
1.896490
1.877261
1.868957
1.919680
1.936067
1.987575
1.879959
1.663940
1.498945
1.384857
1.494221
1.648511
1.811741
2.144606
2.484560
2.859425
2.846136
2.839016
2.950836
2.971950
2.994608
2.997333
3.269130
3.502945
3.687855
3.841896
3.975206
4.103256
4.409931
4.667104
4.867858
5.208280
5.649704
6.249003
6.427733
6.736001
7.168417
7.857622
8.525698
9.126728
9.789989
10.290834
10.673891
11.591255
12.303615
12.841642
12.059271
11.328255
10.645077
9.251052
8.030478
7.054331
6.757146
6.497019
5.518533
5.392967
5.406768
5.290576
5.028139
4.834467
5.026886
4.796264
4.602546
4.515759
4.562263
4.647810
4.710576
5.053790
5.535669
5.927317
6.426334
6.890459
7.457500
6.620458
5.825348
5.297951
5.352993
5.409322
5.099792
5.000072
4.874432
4.919208
4.933417
5.114297
5.589494
6.089705
6.624100
7.244888
7.527162
7.777308
8.185911
8.936963
9.468199
9.921246
9.515495
9.195679
8.468019
7.679654
7.042208
6.624198
6.534495
6.424840
5.112380
4.966105
4.698693
4.633967
4.873191
5.197985
5.553909
5.452694
5.073135
4.837641
5.000677
5.120389
5.249330
5.568350
5.759997
5.841751
5.505785
5.042003
4.665652
4.063666
3.686553
3.177167
3.150814
2.848219
3.254073
3.046320
3.067367
2.887781
2.613137
2.281242
2.048464
2.008051
2.071407
2.167881
2.195739
2.554722
2.699340
2.674544
2.365028
2.286796
2.373492
2.129936
2.114218
2.267620
2.612056
3.048763
2.831200
2.672807
2.297332
2.359474
2.606997
2.762571
2.853812
2.871293
2.804950
3.005632
3.120819
3.196577
3.383871
3.672506
4.007924
3.923641
3.809571
3.658200
3.716107
3.869874
3.981763
3.943701
3.848104
3.759676
3.520676
3.280766
2.919603
2.848968
2.733397
2.709267
2.793507
2.955593
3.158674
3.352993
3.553827
3.770927
3.929900
4.030042
4.158160
4.051155
3.833851
3.644925
3.960610
4.196108
4.385529
4.289763
4.208089
4.019191
3.635255
3.315766
3.069770
2.660202
2.315688
2.062226
2.004935
2.053323
2.208157
2.375784
2.517708
2.748685
2.898921
3.074170
3.378716
3.389139
3.390785
3.343090
3.456291
3.505569
3.585272
3.446432
3.241177
3.013685
2.774404
2.506004
2.131598
1.915073
1.792718
1.732455
1.732466
1.847594
2.010087
2.094468
2.212799
2.324747
2.592227
2.841738
