2018110200 SPD10 2.76 2.44 1.76 1.43 2.18 1.41 2.68 2.84 1.94 1.90 3.18 1.91 1.83 2.78 2.34 2.29 1.19 2.01 2.29 1.53 1.98 1.77 0.79 2.08
2018110200 DIR10 21.00 51.00 91.00 66.00 62.00 115.00 125.00 171.00 145.00 88.00 39.00 59.00 79.00 59.00 88.00 79.00 54.00 77.00 53.00 19.00 35.00 73.00 355.00 32.00
2018110200 SLP 1024.20 1024.40 1024.20 1023.70 1023.00 1021.80 1020.80 1020.50 1020.10 1019.90 1020.20 1020.60 1020.80 1020.90 1020.90 1020.80 1020.60 1020.40 1020.30 1020.10 1019.70 1019.80 1020.00 1019.80
2018110200 T2 281.35 282.45 283.75 285.25 286.65 287.95 288.85 289.35 289.45 289.45 288.65 288.15 287.55 286.45 285.05 283.95 283.35 282.95 283.15 281.55 281.85 281.55 280.55 281.45
2018110200 RH2 59.00 57.00 55.00 52.00 47.00 45.00 44.00 43.00 44.00 44.00 48.00 49.00 50.00 53.00 59.00 63.00 65.00 65.00 64.00 68.00 68.00 70.00 73.00 72.00
2018110200 TD2 273.84 274.40 275.12 275.74 275.63 276.21 276.72 276.86 277.27 277.27 277.77 277.60 277.33 277.14 277.34 277.23 277.10 276.72 276.69 276.01 276.30 276.42 276.05 276.72
2018110300 SPD10 2.54 1.88 1.52 1.55 1.90 2.00 3.11 3.78 3.14 2.11 2.45 1.88 2.52 2.48 2.73 2.39 0.72 1.65 2.40 2.34 2.86 0.91 2.42 2.88
2018110300 DIR10 39.00 102.00 151.00 86.00 111.00 137.00 131.00 187.00 188.00 182.00 175.00 163.00 10.00 74.00 117.00 121.00 38.00 68.00 45.00 357.00 16.00 77.00 262.00 283.00
2018110300 SLP 1020.00 1020.20 1019.80 1019.40 1018.50 1017.60 1016.60 1016.20 1016.20 1016.20 1016.60 1017.10 1017.60 1017.30 1017.50 1017.80 1018.00 1018.00 1017.70 1017.80 1017.40 1017.60 1018.60 1019.30
2018110300 T2 282.75 283.05 283.85 285.95 287.75 289.15 289.85 290.65 290.45 288.35 287.05 287.55 286.05 287.35 285.85 285.75 284.95 284.35 284.55 283.65 283.45 283.95 284.25 284.45
2018110300 RH2 66.00 64.00 64.00 58.00 54.00 48.00 45.00 41.00 41.00 47.00 50.00 50.00 55.00 52.00 58.00 60.00 63.00 68.00 68.00 70.00 71.00 69.00 69.00 69.00
2018110300 TD2 276.74 276.59 277.36 277.95 278.62 278.24 277.96 277.37 277.18 277.20 276.87 277.33 277.29 277.71 277.85 278.24 278.18 278.70 278.89 278.44 278.45 278.53 278.82 279.01
2018110400 SPD10 2.96 2.68 5.11 4.71 4.92 4.00 4.61 6.17 6.65 5.84 5.93 6.43 5.21 5.10 4.17 4.50 3.02 2.40 2.80 3.30 2.78 2.87 2.21 3.47
2018110400 DIR10 303.00 302.00 324.00 325.00 327.00 352.00 357.00 23.00 14.00 18.00 24.00 29.00 31.00 29.00 30.00 16.00 30.00 50.00 13.00 45.00 6.00 25.00 358.00 6.00
2018110400 SLP 1020.30 1021.30 1021.50 1021.80 1021.80 1021.60 1022.10 1022.50 1023.10 1023.60 1024.40 1024.80 1025.40 1025.90 1026.50 1026.70 1026.80 1026.80 1027.40 1026.90 1027.30 1027.10 1027.40 1027.60
2018110400 T2 284.65 283.75 283.05 282.55 282.35 282.35 282.25 282.05 281.75 281.65 282.05 282.45 281.55 281.45 281.25 281.35 280.35 279.75 279.45 278.85 277.15 278.15 276.55 277.75
2018110400 RH2 70.00 80.00 78.00 78.00 79.00 82.00 79.00 74.00 72.00 70.00 64.00 60.00 66.00 64.00 65.00 58.00 58.00 60.00 58.00 60.00 65.00 59.00 68.00 63.00
2018110400 TD2 279.41 280.47 279.42 278.93 278.92 279.46 278.82 277.69 277.01 276.52 275.64 275.11 275.59 275.06 275.09 273.60 272.65 272.55 271.80 271.70 271.17 270.80 271.20 271.32
2018110500 SPD10 3.50 5.49 4.27 1.31 2.82 1.49 2.45 1.92 1.85 1.50 1.83 1.58 1.77 0.56 1.65 2.98 2.65 4.40 3.87 3.81 3.02 2.43 3.14 5.06
2018110500 DIR10 35.00 8.00 40.00 355.00 24.00 248.00 238.00 185.00 159.00 187.00 122.00 163.00 171.00 243.00 344.00 353.00 316.00 351.00 350.00 346.00 347.00 357.00 352.00 1.00
2018110500 SLP 1028.30 1028.40 1028.30 1027.90 1027.40 1026.50 1025.70 1025.20 1025.00 1025.30 1025.90 1026.80 1026.90 1027.40 1027.40 1027.90 1027.70 1028.00 1028.30 1028.80 1028.90 1029.20 1029.60 1029.60
2018110500 T2 278.75 280.45 281.95 283.05 283.25 283.95 283.75 283.65 283.35 282.65 283.05 282.35 281.55 280.65 281.35 279.55 279.45 278.25 278.65 277.95 275.95 277.65 276.95 279.15
2018110500 RH2 54.00 49.00 43.00 39.00 40.00 39.00 41.00 42.00 43.00 47.00 45.00 50.00 57.00 62.00 60.00 61.00 62.00 68.00 68.00 68.00 76.00 66.00 62.00 44.00
2018110500 TD2 270.17 270.45 270.07 269.76 270.29 270.58 271.08 271.31 271.36 271.93 271.70 272.49 273.55 273.86 274.07 272.59 272.72 272.84 273.22 272.55 272.14 271.85 270.34 267.81
2018110600 SPD10 4.40 5.76 5.58 5.32 4.78 3.09 1.70 3.28 2.48 1.56 1.95 2.02 2.30 2.22 2.54 2.14 1.00 1.49 1.46 1.67 1.20 2.04 2.28 3.33
2018110600 DIR10 353.00 6.00 28.00 38.00 41.00 39.00 2.00 37.00 33.00 355.00 220.00 263.00 258.00 291.00 313.00 1.00 338.00 287.00 273.00 339.00 327.00 311.00 342.00 346.00
2018110600 SLP 1030.00 1030.60 1030.50 1030.20 1029.50 1028.70 1028.20 1027.80 1027.30 1027.20 1027.50 1027.90 1028.20 1028.30 1028.30 1028.20 1027.80 1027.70 1027.90 1027.30 1027.00 1027.00 1026.80 1026.70
2018110600 T2 278.95 280.75 282.45 282.35 283.35 283.65 283.75 283.75 284.05 282.65 281.25 282.05 281.05 281.15 280.75 279.45 277.75 277.85 276.35 275.85 275.65 275.15 275.05 274.05
2018110600 RH2 49.00 37.00 28.00 25.00 22.00 21.00 20.00 20.00 20.00 22.00 31.00 27.00 31.00 32.00 32.00 38.00 43.00 45.00 56.00 53.00 54.00 54.00 54.00 62.00
2018110600 TD2 269.06 266.98 264.85 263.30 262.53 262.20 261.67 261.67 261.92 261.93 265.11 264.03 264.93 265.43 265.08 266.15 266.22 266.91 268.40 267.20 267.26 266.79 266.70 267.57
2018110700 SPD10 3.45 3.90 3.46 2.46 0.82 2.71 2.51 2.50 2.81 2.02 2.50 2.31 1.57 1.69 1.83 1.45 1.62 1.83 2.65 1.83 1.75 1.54 2.18 2.10
2018110700 DIR10 354.00 354.00 355.00 224.00 303.00 192.00 182.00 173.00 180.00 138.00 140.00 111.00 137.00 168.00 172.00 88.00 78.00 79.00 81.00 83.00 61.00 58.00 3.00 42.00
2018110700 SLP 1026.90 1026.70 1025.30 1025.50 1024.50 1023.60 1022.40 1021.70 1021.30 1020.90 1020.70 1020.60 1020.30 1020.00 1019.90 1019.50 1018.90 1018.30 1017.60 1017.00 1016.50 1016.00 1015.80 1015.20
2018110700 T2 276.65 278.25 279.65 281.55 284.15 283.75 284.35 284.75 284.15 283.65 282.85 283.15 281.85 281.15 280.95 281.35 280.55 279.75 279.55 278.85 278.25 278.35 277.75 278.85
2018110700 RH2 56.00 50.00 41.00 36.00 27.00 26.00 24.00 24.00 27.00 29.00 32.00 33.00 39.00 43.00 47.00 46.00 49.00 51.00 49.00 51.00 55.00 55.00 61.00 51.00
2018110700 TD2 268.68 268.67 267.33 267.34 265.87 265.03 264.51 264.86 265.87 266.36 266.95 267.62 268.67 269.34 270.35 270.43 270.54 270.34 269.61 269.50 269.95 270.04 270.88 269.50
2018110800 SPD10 1.98 2.17 2.41 1.89 1.50 1.72 3.07 2.64 2.98 2.16 2.87 1.63 1.80 2.18 2.13 2.18 2.01 2.65 2.80 3.16 3.76 3.45 3.20 6.25
2018110800 DIR10 21.00 332.00 311.00 320.00 241.00 208.00 198.00 204.00 185.00 182.00 185.00 210.00 154.00 168.00 169.00 41.00 64.00 19.00 354.00 358.00 344.00 343.00 335.00 319.00
2018110800 SLP 1015.40 1014.90 1014.40 1013.70 1012.60 1011.50 1010.70 1010.10 1010.10 1010.00 1010.20 1010.60 1010.70 1010.90 1011.10 1011.20 1011.30 1011.50 1011.90 1012.00 1012.00 1012.50 1013.10 1013.30
2018110800 T2 279.75 280.65 280.85 283.75 284.25 285.95 286.15 286.45 285.15 283.85 282.45 282.45 282.55 280.85 280.95 281.75 279.65 278.95 277.15 277.55 276.75 277.25 278.05 281.55
2018110800 RH2 47.00 43.00 49.00 36.00 34.00 31.00 31.00 34.00 36.00 43.00 52.00 51.00 52.00 61.00 64.00 61.00 71.00 69.00 69.00 63.00 64.00 65.00 60.00 41.00
2018110800 TD2 269.24 268.88 270.82 269.32 269.00 269.28 269.46 270.97 270.58 271.82 273.13 272.86 273.22 273.82 274.59 274.68 274.79 273.71 271.98 271.12 270.57 271.26 270.94 269.07
2018110900 SPD10 3.46 5.69 5.95 6.21 7.95 6.61 6.03 6.11 4.93 4.21 3.26 3.95 4.52 4.10 3.93 4.43 5.29 6.03 5.99 4.97 4.93 4.79 5.10 5.36
2018110900 DIR10 307.00 306.00 302.00 306.00 323.00 284.00 297.00 295.00 290.00 300.00 291.00 20.00 358.00 20.00 38.00 5.00 15.00 14.00 10.00 10.00 9.00 14.00 13.00 13.00
2018110900 SLP 1014.20 1015.10 1015.50 1015.60 1015.40 1015.00 1014.90 1015.30 1015.80 1016.30 1017.60 1018.80 1019.60 1020.20 1020.90 1021.50 1021.80 1022.40 1022.90 1023.10 1023.10 1023.10 1023.80 1024.40
2018110900 T2 284.35 285.45 286.95 287.55 287.75 288.15 288.95 288.65 288.45 287.05 286.15 284.95 284.15 284.15 283.35 281.65 281.65 280.75 280.65 279.65 278.55 279.15 278.75 279.15
2018110900 RH2 30.00 26.00 22.00 17.00 15.00 14.00 14.00 14.00 14.00 15.00 17.00 19.00 21.00 22.00 23.00 28.00 29.00 31.00 31.00 33.00 36.00 33.00 33.00 33.00
2018110900 TD2 267.43 266.51 265.62 262.80 261.38 260.84 261.49 261.25 261.09 260.80 261.63 262.03 262.63 263.22 263.10 264.15 264.60 264.67 264.58 264.49 264.63 264.05 263.69 264.05
2018111000 SPD10 4.46 4.48 3.95 2.73 1.15 1.48 1.94 1.89 1.48 1.70 1.22 1.50 2.14 2.39 2.89 2.39 1.87 1.21 1.60 0.89 1.03 1.06 1.39 1.87
2018111000 DIR10 14.00 7.00 21.00 6.00 289.00 175.00 164.00 185.00 136.00 84.00 175.00 127.00 40.00 77.00 70.00 4.00 82.00 177.00 168.00 32.00 145.00 69.00 89.00 29.00
2018111000 SLP 1025.20 1025.70 1025.50 1025.10 1024.20 1023.30 1022.60 1022.30 1022.00 1021.90 1022.10 1022.60 1023.00 1022.60 1022.50 1022.60 1022.10 1022.10 1021.60 1021.20 1021.20 1021.20 1021.10 1021.30
2018111000 T2 280.55 282.05 282.65 284.25 284.65 285.15 284.85 285.25 285.15 284.55 283.75 283.85 283.75 283.95 283.65 282.85 282.45 282.65 282.65 282.05 281.05 281.85 281.55 281.95
2018111000 RH2 27.00 27.00 23.00 21.00 18.00 18.00 18.00 18.00 20.00 21.00 23.00 23.00 24.00 25.00 26.00 28.00 35.00 39.00 39.00 43.00 43.00 48.00 43.00 48.00
2018111000 TD2 262.71 264.03 262.50 262.71 261.10 261.52 261.26 261.60 262.86 262.97 263.45 263.53 263.99 264.69 264.94 265.20 267.78 269.40 269.40 270.16 269.25 271.47 269.71 271.56
2018111100 SPD10 1.26 2.19 0.55 1.29 1.82 2.07 1.90 1.36 2.44 2.23 2.61 2.59 2.40 3.26 2.35 1.97 2.10 2.39 2.14 1.93 2.32 1.77 1.40 0.52
2018111100 DIR10 303.00 336.00 313.00 202.00 233.00 220.00 216.00 186.00 176.00 175.00 180.00 181.00 167.00 171.00 156.00 151.00 105.00 70.00 64.00 34.00 356.00 3.00 15.00 347.00
2018111100 SLP 1021.90 1022.00 1021.80 1021.40 1020.30 1019.30 1018.70 1018.40 1018.40 1018.30 1018.60 1019.10 1019.20 1019.40 1019.80 1019.60 1019.60 1019.60 1019.70 1019.50 1019.00 1019.10 1019.10 1019.50
2018111100 T2 281.15 283.25 285.35 286.05 286.55 287.25 288.05 288.25 287.45 285.65 283.95 283.05 283.45 282.95 284.05 282.45 281.15 279.55 279.25 279.35 277.35 277.35 277.95 276.95
2018111100 RH2 45.00 34.00 30.00 29.00 29.00 30.00 31.00 31.00 33.00 38.00 42.00 45.00 45.00 49.00 46.00 50.00 55.00 62.00 63.00 62.00 70.00 71.00 70.00 75.00
2018111100 TD2 269.95 268.11 268.31 268.48 268.92 269.99 271.14 271.32 271.46 271.77 271.59 271.70 272.07 272.77 272.92 272.59 272.68 272.81 272.75 272.62 272.37 272.57 272.95 272.93
2018111200 SPD10 0.54 2.83 1.44 1.92 1.66 2.01 3.19 3.54 2.71 2.01 2.11 1.92 2.15 1.01 1.79 2.26 2.02 1.76 2.49 1.33 1.02 0.97 1.47 1.98
2018111200 DIR10 209.00 355.00 20.00 33.00 154.00 132.00 166.00 162.00 180.00 174.00 178.00 166.00 173.00 3.00 94.00 70.00 80.00 43.00 32.00 27.00 1.00 345.00 12.00 29.00
2018111200 SLP 1020.20 1020.50 1020.20 1019.80 1019.00 1017.90 1017.30 1017.10 1017.00 1017.10 1017.30 1017.60 1017.60 1018.20 1018.20 1018.10 1018.20 1018.40 1018.30 1018.30 1018.20 1018.30 1018.60 1018.70
2018111200 T2 277.65 280.85 282.55 283.65 285.35 286.85 287.55 287.75 286.75 285.15 284.75 284.35 282.95 282.65 282.95 280.85 280.35 280.35 280.25 278.85 277.95 277.25 277.05 278.55
2018111200 RH2 75.00 59.00 53.00 51.00 47.00 42.00 41.00 40.00 45.00 53.00 55.00 58.00 62.00 63.00 63.00 72.00 74.00 71.00 68.00 76.00 79.00 82.00 84.00 78.00
2018111200 TD2 273.61 273.36 273.48 273.98 274.42 274.24 274.54 274.38 275.11 275.92 276.06 276.44 276.05 275.99 276.27 276.14 276.04 275.46 274.76 274.96 274.62 274.46 274.60 275.03
2018111300 SPD10 2.47 2.47 2.33 2.38 1.72 1.81 2.28 2.31 1.66 1.28 1.35 1.72 1.02 1.98 2.84 2.97 1.71 1.34 1.38 1.30 2.38 0.26 2.19 1.70
2018111300 DIR10 356.00 24.00 59.00 50.00 75.00 121.00 113.00 123.00 145.00 130.00 110.00 133.00 188.00 125.00 99.00 115.00 113.00 85.00 54.00 81.00 350.00 181.00 148.00 119.00
2018111300 SLP 1019.40 1019.80 1019.60 1019.50 1018.60 1017.70 1017.00 1016.90 1017.10 1017.20 1017.90 1018.30 1018.60 1019.00 1019.30 1019.30 1019.60 1019.40 1019.30 1018.90 1019.00 1019.20 1019.20 1019.60
2018111300 T2 277.85 279.65 280.25 281.95 283.05 284.05 285.05 285.25 284.95 284.85 284.85 284.85 283.25 282.65 282.95 282.35 281.55 280.75 281.15 279.35 277.95 278.75 279.15 280.15
2018111300 RH2 81.00 75.00 77.00 70.00 67.00 63.00 60.00 64.00 67.00 68.00 70.00 70.00 75.00 79.00 76.00 76.00 80.00 83.00 84.00 89.00 93.00 92.00 94.00 91.00
2018111300 TD2 274.88 275.55 276.51 276.81 277.24 277.32 277.58 278.69 279.06 279.18 279.60 279.60 279.05 279.21 278.95 278.36 278.32 278.06 278.63 277.68 276.92 277.56 278.26 278.79
2018111400 SPD10 2.11 2.23 2.08 2.07 2.16 2.41 1.74 2.02 2.55 2.50 3.38 1.87 1.62 2.40 1.22 1.55 2.05 1.54 0.37 2.31 3.41 2.43 2.89 3.22
2018111400 DIR10 109.00 119.00 147.00 126.00 178.00 170.00 136.00 162.00 181.00 163.00 174.00 184.00 140.00 169.00 165.00 69.00 85.00 72.00 242.00 359.00 341.00 348.00 349.00 344.00
2018111400 SLP -9999.00 1020.90 1020.80 1020.60 1019.90 1019.20 1018.60 1018.00 1018.20 1018.50 1019.00 1019.40 1020.00 1020.30 1021.00 1020.70 1020.70 1020.80 1021.00 1020.80 1020.60 1021.00 1021.20 1022.20
2018111400 T2 -9999.00 280.35 280.65 281.35 281.65 281.55 282.05 282.15 282.05 281.75 281.65 281.45 282.25 281.25 281.25 282.25 280.85 280.55 280.35 279.65 278.85 279.45 279.85 280.95
2018111400 RH2 -9999.00 91.00 90.00 87.00 86.00 85.00 83.00 82.00 82.00 82.00 80.00 77.00 74.00 83.00 84.00 80.00 84.00 86.00 87.00 88.00 91.00 91.00 89.00 77.00
2018111400 TD2 -9999.00 278.99 279.12 279.33 279.46 279.19 279.34 279.26 279.16 278.87 278.42 277.67 277.89 278.55 278.72 279.00 278.33 278.37 278.34 277.81 277.50 278.10 278.17 277.19
2018111500 SPD10 4.43 4.37 6.26 7.50 7.86 4.70 4.20 3.67 2.17 3.61 5.33 4.26 4.37 4.07 4.96 5.63 4.44 4.27 5.06 4.65 4.29 3.51 3.96 4.28
2018111500 DIR10 333.00 341.00 334.00 359.00 17.00 23.00 39.00 45.00 52.00 336.00 17.00 355.00 322.00 324.00 320.00 324.00 332.00 17.00 355.00 4.00 356.00 351.00 343.00 3.00
2018111500 SLP 1023.50 1024.10 1024.20 1024.00 1023.50 1023.40 1023.20 1023.40 1023.80 1024.40 1025.30 1026.70 1027.50 1028.40 1029.20 1029.40 1029.80 1029.90 1030.10 1030.00 1029.90 1030.10 1030.50 1030.70
2018111500 T2 281.45 282.45 282.95 283.05 282.55 283.05 283.75 283.75 283.55 283.15 283.25 281.55 281.25 280.35 279.45 278.65 277.15 276.55 275.15 275.05 272.95 272.95 273.35 272.85
2018111500 RH2 57.00 45.00 38.00 42.00 41.00 38.00 33.00 31.00 30.00 27.00 26.00 26.00 18.00 15.00 16.00 17.00 20.00 22.00 25.00 26.00 33.00 34.00 32.00 32.00
2018111500 TD2 273.45 271.15 269.32 270.76 269.98 269.41 268.16 267.33 266.72 264.99 264.59 263.11 258.23 255.26 255.29 255.35 256.04 256.69 257.03 257.42 259.97 260.30 258.47 259.54
2018111600 SPD10 5.50 5.33 5.18 3.80 4.45 4.58 4.08 3.83 2.31 1.49 1.02 3.50 1.92 0.67 1.28 3.13 1.53 2.07 1.13 2.49 1.06 1.73 2.53 1.74
2018111600 DIR10 13.00 3.00 17.00 357.00 323.00 338.00 306.00 336.00 252.00 263.00 271.00 240.00 234.00 238.00 344.00 8.00 357.00 3.00 312.00 12.00 327.00 348.00 353.00 350.00
2018111600 SLP 1031.20 1031.50 1030.80 1030.10 1028.50 1026.90 1025.90 1025.00 1024.80 1024.80 1025.20 1025.80 1025.40 1025.40 1025.50 1024.90 1024.60 1024.10 1024.10 1023.50 1023.50 1023.10 1023.00 1023.10
2018111600 T2 275.25 276.45 277.45 279.25 280.45 280.85 281.25 281.55 281.35 280.05 278.65 278.75 278.15 277.15 277.95 276.45 275.25 275.25 274.65 275.55 274.45 274.05 274.15 274.55
2018111600 RH2 25.00 24.00 22.00 18.00 15.00 13.00 13.00 12.00 12.00 14.00 16.00 24.00 26.00 29.00 29.00 34.00 32.00 33.00 38.00 36.00 44.00 45.00 43.00 45.00
2018111600 TD2 257.12 257.66 257.46 256.55 255.34 253.96 254.28 253.57 253.41 254.18 254.62 259.66 260.14 260.62 261.33 262.01 260.17 260.56 261.79 261.92 263.48 263.40 262.91 263.86
2018111700 SPD10 2.02 2.73 2.07 1.94 1.24 3.11 2.85 4.22 3.19 2.81 3.47 3.02 1.74 0.83 1.84 1.71 1.60 1.50 2.14 1.59 1.42 0.75 4.05 3.33
2018111700 DIR10 4.00 355.00 323.00 22.00 163.00 154.00 171.00 201.00 188.00 181.00 187.00 185.00 173.00 170.00 93.00 61.00 53.00 18.00 19.00 347.00 292.00 326.00 350.00 353.00
2018111700 SLP 1023.50 1023.60 1023.30 1022.40 1020.90 1019.70 1018.70 1018.20 1018.10 1018.30 1018.40 1018.80 1018.90 1019.50 1019.50 1019.30 1019.10 1019.10 1018.80 1018.90 1019.00 1018.90 1018.70 1019.00
2018111700 T2 275.45 277.45 278.55 279.85 283.55 283.85 284.55 284.35 282.55 281.05 279.85 279.05 280.55 279.45 280.35 278.55 278.25 277.25 277.15 275.75 275.35 274.75 274.55 273.85
2018111700 RH2 41.00 36.00 30.00 24.00 21.00 18.00 17.00 18.00 23.00 28.00 32.00 34.00 31.00 35.00 36.00 40.00 42.00 43.00 42.00 45.00 49.00 50.00 53.00 57.00
2018111700 TD2 263.49 263.64 262.29 260.61 262.11 260.42 260.29 260.84 262.41 263.62 264.28 264.34 264.49 265.08 266.26 266.00 266.37 265.76 265.36 264.97 265.70 265.41 265.98 266.27
2018111800 SPD10 5.08 2.70 4.55 5.04 6.48 7.00 8.00 6.84 5.72 3.74 2.73 2.60 2.05 2.41 2.39 1.82 0.96 1.04 1.13 3.30 4.50 1.58 2.40 2.38
2018111800 DIR10 352.00 348.00 290.00 298.00 278.00 269.00 289.00 288.00 295.00 295.00 301.00 298.00 291.00 286.00 37.00 342.00 338.00 259.00 295.00 325.00 10.00 51.00 15.00 355.00
2018111800 SLP 1019.80 1020.10 1019.90 1019.90 1018.80 1017.70 1017.30 1017.40 1017.50 1017.60 1018.30 1018.70 1019.00 1019.20 1019.90 1019.90 1020.40 1020.40 1020.50 1020.30 1020.10 1020.00 1020.00 1020.00
2018111800 T2 275.65 278.95 283.65 283.85 283.45 284.05 285.05 284.85 284.85 283.55 282.75 281.95 281.45 281.15 279.85 278.45 276.75 276.05 275.25 277.05 274.55 273.55 274.25 273.75
2018111800 RH2 53.00 34.00 14.00 13.00 14.00 13.00 12.00 12.00 12.00 13.00 14.00 15.00 16.00 17.00 19.00 21.00 26.00 32.00 36.00 31.00 38.00 46.00 47.00 50.00
2018111800 TD2 267.01 264.25 257.15 256.41 256.98 256.57 256.41 256.25 256.25 256.16 256.41 256.59 256.96 257.45 257.71 257.75 258.91 260.88 261.65 261.38 261.70 263.22 264.14 264.48
2018111900 SPD10 2.92 2.63 2.39 2.40 2.24 2.35 2.07 2.76 1.82 1.33 0.90 3.05 2.77 2.77 2.16 2.74 0.82 1.74 1.86 3.24 4.13 2.18 3.19 4.55
2018111900 DIR10 349.00 359.00 29.00 74.00 78.00 137.00 113.00 133.00 103.00 185.00 247.00 18.00 357.00 306.00 301.00 333.00 266.00 262.00 340.00 350.00 349.00 342.00 347.00 354.00
2018111900 SLP 1020.50 1020.80 1020.40 1020.10 1018.90 1017.20 1016.30 1015.70 1015.70 1015.40 1015.80 1016.30 1016.50 1017.00 1017.30 1017.40 1017.30 1017.50 1017.40 1017.30 1017.30 1017.70 1017.90 1018.40
2018111900 T2 274.85 276.55 278.35 279.85 281.55 282.75 283.45 282.95 282.75 281.55 281.35 281.25 280.25 278.55 278.45 277.25 275.95 275.75 275.85 274.05 274.55 273.85 273.45 274.45
2018111900 RH2 46.00 40.00 32.00 27.00 28.00 26.00 27.00 31.00 35.00 41.00 46.00 37.00 35.00 40.00 39.00 42.00 46.00 49.00 50.00 62.00 58.00 53.00 66.00 65.00
2018111900 TD2 264.42 264.18 262.94 262.10 264.06 264.16 265.26 266.62 268.05 269.07 270.43 267.43 265.80 266.00 265.58 265.45 265.44 266.08 266.43 267.57 267.17 265.32 267.83 268.58
2018112000 SPD10 2.01 4.28 3.71 3.60 2.76 2.83 2.81 2.84 3.94 3.55 1.93 1.64 2.37 3.47 2.92 1.89 1.69 1.65 2.12 0.61 2.10 2.32 6.45 3.46
2018112000 DIR10 333.00 347.00 17.00 15.00 359.00 19.00 10.00 54.00 61.00 109.00 128.00 195.00 74.00 70.00 28.00 104.00 90.00 79.00 59.00 73.00 105.00 40.00 321.00 341.00
2018112000 SLP 1019.60 1020.40 1020.80 1020.60 1019.90 1019.30 1018.80 1018.80 1019.40 1019.90 1020.80 1021.70 1022.20 1023.00 1023.80 1024.60 1025.20 1025.40 1025.60 1025.70 1025.50 1025.60 1025.50 1026.00
2018112000 T2 277.45 277.55 280.45 282.45 284.15 283.95 284.55 284.05 283.65 282.55 282.15 280.85 280.75 280.95 280.45 278.55 277.95 277.75 277.85 277.75 277.35 276.75 277.35 276.55
2018112000 RH2 49.00 48.00 33.00 24.00 21.00 20.00 18.00 19.00 19.00 20.00 21.00 25.00 27.00 26.00 26.00 48.00 61.00 65.00 61.00 60.00 59.00 60.00 18.00 19.00
2018112000 TD2 267.66 267.48 265.21 262.87 262.63 261.84 261.01 261.27 260.93 260.64 260.92 262.00 262.89 262.58 262.15 268.41 271.07 271.74 270.97 270.65 270.05 269.70 254.94 254.91
2018112100 SPD10 2.98 2.43 4.58 3.58 2.53 4.61 8.76 6.93 6.43 4.71 2.88 2.12 2.26 2.11 1.04 0.96 0.61 0.60 2.28 2.99 2.65 2.54 1.57 2.40
2018112100 DIR10 47.00 360.00 324.00 294.00 302.00 297.00 304.00 302.00 298.00 275.00 240.00 261.00 320.00 283.00 215.00 247.00 214.00 184.00 263.00 7.00 351.00 347.00 15.00 341.00
2018112100 SLP 1026.90 1027.40 1027.00 1026.50 1025.00 1023.30 1022.10 1021.50 1021.40 1021.70 1022.30 1022.80 1023.40 1024.10 1024.50 1024.50 1024.70 1024.60 1024.40 1024.50 1024.10 1024.30 1024.40 1025.00
2018112100 T2 276.65 278.35 279.15 279.75 281.05 281.95 282.25 282.35 282.15 281.35 279.65 279.65 278.85 278.65 275.75 276.15 275.55 274.45 273.55 272.85 271.95 270.75 270.95 271.25
2018112100 RH2 19.00 16.00 14.00 14.00 14.00 13.00 13.00 14.00 15.00 16.00 21.00 25.00 29.00 31.00 34.00 33.00 31.00 32.00 40.00 34.00 33.00 49.00 50.00 50.00
2018112100 TD2 255.00 254.37 253.44 253.94 255.01 254.86 255.10 256.08 256.75 256.87 258.78 260.95 262.13 262.80 261.38 261.36 260.04 259.45 261.44 260.21 259.06 262.39 262.81 263.09
2018112200 SPD10 3.74 4.15 3.77 4.22 3.77 2.77 1.50 1.56 3.86 2.46 2.42 2.11 1.66 1.92 2.17 2.48 2.08 1.95 2.68 2.42 1.96 1.26 3.06 2.99
2018112200 DIR10 351.00 355.00 14.00 3.00 24.00 15.00 199.00 171.00 160.00 166.00 154.00 128.00 156.00 181.00 92.00 64.00 81.00 81.00 113.00 56.00 61.00 29.00 356.00 360.00
2018112200 SLP 1025.70 1025.80 1025.80 1025.40 1024.20 1023.30 1022.20 1021.70 1021.40 1021.70 1022.00 1022.20 1022.30 1022.40 1022.30 1022.30 1022.30 1021.60 1021.60 1021.30 1020.70 1020.10 1019.60 1019.50
2018112200 T2 272.75 275.25 277.25 280.05 280.95 281.25 282.75 282.05 281.55 279.85 279.45 279.75 277.35 276.85 277.85 276.35 274.45 274.35 275.65 274.65 274.15 274.05 272.65 272.95
2018112200 RH2 45.00 37.00 27.00 18.00 17.00 15.00 15.00 15.00 16.00 19.00 21.00 21.00 26.00 30.00 29.00 29.00 33.00 37.00 42.00 38.00 38.00 39.00 45.00 49.00
2018112200 TD2 263.29 262.00 259.82 257.22 257.28 256.01 257.25 256.67 257.04 257.71 258.61 258.86 259.44 260.79 261.24 259.92 259.84 261.18 263.98 261.79 261.34 261.58 263.19 264.45
2018112300 SPD10 3.49 3.11 2.42 2.92 3.96 4.56 4.64 3.96 3.49 3.55 3.53 3.57 4.32 4.39 5.00 4.00 2.30 2.59 3.06 3.21 3.11 2.18 1.50 0.99
2018112300 DIR10 357.00 349.00 337.00 341.00 358.00 355.00 355.00 354.00 332.00 321.00 320.00 316.00 360.00 353.00 351.00 350.00 314.00 308.00 351.00 358.00 352.00 12.00 17.00 285.00
2018112300 SLP 1019.70 1019.50 1019.20 1018.20 1016.80 1015.80 1015.30 1015.40 1016.10 1016.80 1017.90 1018.50 1019.00 1019.50 1020.00 1020.10 1020.40 1020.80 1020.20 1020.70 1020.70 1021.00 1021.00 1021.10
2018112300 T2 274.25 274.95 275.35 277.05 277.55 278.05 278.55 279.35 279.35 278.95 278.95 278.75 277.35 276.75 276.55 277.25 275.85 275.25 275.15 274.85 274.05 274.85 274.15 272.25
2018112300 RH2 47.00 43.00 41.00 36.00 35.00 35.00 37.00 41.00 43.00 42.00 44.00 44.00 47.00 50.00 52.00 51.00 57.00 62.00 58.00 56.00 61.00 55.00 57.00 66.00
2018112300 TD2 264.14 263.64 263.40 263.28 263.37 263.82 264.99 267.06 267.69 267.01 267.62 267.44 267.02 267.27 267.61 268.00 268.17 268.72 267.73 266.99 267.36 266.75 266.56 267.26
2018112400 SPD10 4.96 2.94 1.26 1.32 2.76 4.25 3.37 3.40 3.15 3.80 3.84 2.98 0.51 2.47 2.48 1.17 2.04 1.85 1.49 1.93 0.93 3.57 3.60 4.86
2018112400 DIR10 352.00 350.00 235.00 241.00 214.00 198.00 194.00 194.00 187.00 197.00 213.00 226.00 218.00 46.00 79.00 100.00 50.00 47.00 357.00 344.00 310.00 353.00 349.00 356.00
2018112400 SLP 1022.00 1022.20 1022.40 1022.00 1020.80 1019.70 1018.80 1018.30 1018.10 1018.40 1018.70 1019.00 1019.00 1019.00 1019.00 1018.70 1018.50 1018.40 1018.50 1018.50 1018.20 1018.20 1018.30 1018.50
2018112400 T2 274.65 277.55 279.05 281.75 282.85 284.05 284.55 284.15 283.75 282.05 281.35 280.65 279.45 280.65 278.85 277.25 276.85 276.85 273.05 274.55 273.35 273.55 272.65 273.55
2018112400 RH2 58.00 45.00 39.00 25.00 26.00 26.00 24.00 29.00 30.00 31.00 37.00 42.00 47.00 44.00 51.00 56.00 54.00 50.00 61.00 61.00 64.00 61.00 62.00 61.00
2018112400 TD2 267.26 266.63 266.13 262.78 264.24 265.29 264.69 266.81 266.90 265.82 267.52 268.57 268.96 269.19 269.50 269.25 268.39 267.37 266.40 267.83 267.32 266.88 266.91 266.88
2018112500 SPD10 2.68 2.19 1.73 2.66 1.76 1.59 1.26 2.66 2.65 2.60 2.57 1.62 1.89 2.28 2.00 1.51 1.61 2.09 0.75 1.26 1.03 1.78 1.70 2.61
2018112500 DIR10 350.00 336.00 51.00 28.00 2.00 90.00 210.00 147.00 185.00 187.00 191.00 160.00 124.00 79.00 90.00 83.00 114.00 105.00 63.00 72.00 354.00 49.00 104.00 17.00
2018112500 SLP 1019.00 1019.20 1019.30 1018.80 1018.00 1017.40 1016.80 1016.40 1016.60 1016.50 1016.80 1017.20 1017.90 1018.00 1017.70 1017.40 1017.40 1017.10 1016.90 1016.60 1016.40 1016.40 1015.60 1016.00
2018112500 T2 274.35 276.95 278.25 281.75 284.95 286.45 287.45 286.75 285.65 282.55 282.35 283.05 282.25 281.35 279.95 278.95 278.55 277.65 276.05 275.85 274.55 275.25 275.15 275.35
2018112500 RH2 58.00 48.00 46.00 33.00 22.00 20.00 19.00 20.00 22.00 27.00 29.00 28.00 31.00 36.00 44.00 50.00 52.00 55.00 62.00 65.00 74.00 74.00 79.00 78.00
2018112500 TD2 266.98 266.92 267.57 266.37 263.91 263.96 264.15 264.21 264.51 264.47 265.22 265.38 266.00 267.16 268.54 269.33 269.48 269.39 269.48 269.92 270.42 271.10 271.89 271.91
2018112600 SPD10 2.65 0.95 0.69 2.30 2.07 2.35 2.03 2.30 1.22 2.00 2.48 1.33 2.79 0.77 1.14 3.85 4.75 4.62 2.18 2.37 3.22 2.57 5.87 4.17
2018112600 DIR10 14.00 235.00 42.00 11.00 62.00 33.00 12.00 34.00 238.00 247.00 339.00 5.00 58.00 214.00 303.00 342.00 356.00 346.00 343.00 342.00 306.00 307.00 287.00 298.00
2018112600 SLP 1016.40 1016.60 1016.80 1016.40 1015.80 1014.90 1014.40 1014.10 1014.40 1015.20 1015.70 1016.20 1016.20 1017.40 1018.50 1018.90 1019.70 1020.40 1021.10 1021.40 1022.00 1022.70 1023.30 1024.00
2018112600 T2 276.15 276.95 278.75 279.25 280.35 281.35 282.75 282.55 281.85 280.55 281.65 280.95 281.95 277.55 279.25 279.35 278.45 278.65 279.25 280.15 279.95 279.25 279.85 278.65
2018112600 RH2 69.00 69.00 62.00 63.00 64.00 58.00 51.00 50.00 50.00 58.00 54.00 56.00 51.00 67.00 63.00 60.00 63.00 58.00 45.00 31.00 15.00 14.00 12.00 14.00
2018112600 TD2 271.02 271.79 272.05 272.75 274.01 273.60 273.14 272.68 272.03 272.84 272.90 272.74 272.39 271.96 272.75 272.17 271.98 271.05 268.20 264.13 254.93 253.52 252.19 253.03
2018112700 SPD10 4.31 4.17 5.54 6.35 6.56 4.51 6.39 5.55 4.26 1.79 1.77 1.46 2.14 2.60 2.26 3.12 3.02 1.85 2.48 2.23 1.72 1.70 1.51 1.99
2018112700 DIR10 302.00 308.00 354.00 335.00 357.00 347.00 311.00 333.00 321.00 303.00 291.00 255.00 137.00 153.00 162.00 62.00 54.00 64.00 56.00 57.00 38.00 29.00 53.00 33.00
2018112700 SLP 1024.80 1025.40 1025.40 1025.30 1023.90 1023.10 1022.30 1021.80 1021.60 1021.70 1022.00 1022.20 1022.50 1022.40 1022.50 1022.50 1022.50 1022.50 1022.20 1022.00 1021.60 1021.50 1021.40 1021.30
2018112700 T2 278.95 279.45 280.35 281.75 282.35 283.05 283.25 283.45 283.35 281.95 281.35 280.35 278.25 278.65 278.75 276.95 275.15 275.35 274.35 273.75 272.95 273.25 273.55 273.05
2018112700 RH2 13.00 13.00 12.00 9.00 9.00 9.00 7.00 7.00 9.00 11.00 12.00 13.00 15.00 15.00 16.00 20.00 21.00 22.00 24.00 27.00 34.00 34.00 32.00 31.00
2018112700 TD2 252.40 252.81 252.60 250.36 250.83 251.38 248.64 248.79 251.62 252.87 253.41 253.55 253.52 253.85 254.70 255.87 254.92 255.65 255.84 256.74 260.30 259.13 258.65 257.81
2018112800 SPD10 3.08 2.70 1.93 1.96 2.22 1.73 1.89 2.07 2.68 1.77 2.40 2.95 3.71 3.39 4.72 3.18 2.16 0.94 1.20 2.37 3.67 2.81 1.91 3.49
2018112800 DIR10 12.00 2.00 44.00 59.00 61.00 32.00 49.00 338.00 8.00 267.00 337.00 2.00 12.00 1.00 356.00 341.00 268.00 327.00 322.00 326.00 343.00 343.00 356.00 358.00
2018112800 SLP 1021.50 1022.00 1022.00 1021.70 1020.60 1019.50 1019.00 1019.30 1019.50 1020.00 1020.80 1021.60 1022.00 1022.90 1023.10 1023.60 1024.00 1024.00 1024.70 1025.10 1025.50 1025.80 1026.00 1026.60
2018112800 T2 273.85 274.75 276.05 277.45 279.05 280.35 280.75 281.05 280.75 279.35 278.65 277.65 278.95 276.55 276.65 276.55 274.65 273.25 273.55 273.35 272.85 272.15 271.85 271.05
2018112800 RH2 31.00 31.00 27.00 26.00 27.00 24.00 23.00 22.00 23.00 25.00 27.00 29.00 28.00 31.00 32.00 34.00 38.00 44.00 41.00 42.00 41.00 42.00 45.00 48.00
2018112800 TD2 258.53 259.33 258.76 259.52 261.40 261.05 260.86 260.56 260.86 260.69 261.05 261.07 261.77 260.93 261.42 262.10 261.79 262.37 261.75 261.87 262.32 261.95 262.45 262.43
2018112900 SPD10 1.88 1.07 0.89 2.71 2.43 2.42 4.03 3.95 4.14 2.56 3.21 2.30 1.82 2.17 2.50 2.58 1.32 1.65 3.01 1.78 1.85 0.81 0.79 2.02
2018112900 DIR10 358.00 342.00 299.00 161.00 158.00 171.00 191.00 173.00 164.00 160.00 154.00 146.00 147.00 130.00 133.00 96.00 84.00 56.00 72.00 38.00 2.00 37.00 262.00 318.00
2018112900 SLP 1027.20 1027.90 1028.00 1027.60 1026.80 1026.00 1025.20 1024.80 1024.80 1024.80 1025.10 1025.20 1025.40 1025.40 1025.20 1024.80 1024.50 1024.30 1024.00 1023.80 1023.30 1023.30 1023.10 1023.40
2018112900 T2 273.15 275.45 277.65 278.45 280.05 280.35 280.25 280.05 279.15 278.45 278.05 277.85 277.35 276.65 276.55 275.35 274.05 273.45 273.85 273.35 272.65 273.25 272.45 272.75
2018112900 RH2 41.00 35.00 30.00 42.00 33.00 30.00 38.00 36.00 40.00 39.00 39.00 40.00 40.00 41.00 39.00 44.00 48.00 49.00 49.00 50.00 56.00 53.00 58.00 59.00
2018112900 TD2 261.39 261.48 261.49 266.55 264.85 263.89 266.88 265.99 266.55 265.58 265.22 265.36 264.91 264.59 263.85 264.31 264.23 263.93 264.31 264.10 265.72 264.76 265.94 266.42
2018113000 SPD10 1.78 1.33 1.31 0.92 0.55 2.04 1.27 1.68 1.66 1.29 3.51 2.70 3.07 2.87 2.01 2.28 0.37 2.17 2.12 4.23 1.69 1.61 3.57 0.91
2018113000 DIR10 304.00 319.00 198.00 237.00 246.00 209.00 10.00 165.00 178.00 115.00 62.00 65.00 58.00 32.00 23.00 13.00 255.00 351.00 25.00 5.00 38.00 349.00 353.00 222.00
2018113000 SLP 1023.60 1023.50 1023.50 1022.90 1022.10 1021.20 1020.50 1020.50 1020.50 1020.80 1021.40 1021.90 1022.60 1023.10 1023.70 1023.80 1024.30 1024.30 1024.50 1024.40 1023.90 1023.50 1023.60 1024.10
2018113000 T2 273.35 275.25 276.45 278.05 280.15 280.95 282.05 282.35 280.85 280.85 280.05 278.85 278.65 278.85 277.55 276.55 274.95 273.85 275.45 274.85 273.45 271.95 271.45 271.55
2018113000 RH2 57.00 51.00 47.00 43.00 38.00 36.00 34.00 33.00 38.00 39.00 40.00 43.00 43.00 42.00 46.00 49.00 58.00 59.00 52.00 57.00 63.00 68.00 71.00 69.00
2018113000 TD2 265.80 266.13 266.18 266.49 266.78 266.80 267.03 266.91 267.42 267.76 267.37 267.23 267.04 266.92 266.92 266.82 267.54 266.73 266.58 267.22 267.21 267.32 267.35 267.11
2018120100 SPD10 1.46 1.56 3.47 1.84 1.36 1.90 2.13 2.31 2.59 3.08 3.07 2.54 2.22 1.99 1.69 1.92 1.61 1.26 1.93 1.55 1.25 1.74 1.44 2.94
2018120100 DIR10 266.00 250.00 357.00 22.00 62.00 117.00 98.00 109.00 102.00 87.00 105.00 138.00 169.00 127.00 161.00 52.00 346.00 16.00 5.00 73.00 64.00 30.00 28.00 44.00
2018120100 SLP 1024.20 1024.60 1024.60 1024.20 1023.20 1022.20 1021.10 1020.60 1020.00 1019.50 1019.90 1019.90 1020.10 1019.40 1019.00 1018.50 1017.80 1017.40 1016.50 1015.60 1015.00 1014.40 1014.00 1014.00
2018120100 T2 272.35 274.55 276.65 277.85 279.85 280.35 280.45 280.65 280.45 279.55 279.05 279.05 278.95 279.45 279.25 278.65 278.45 278.65 278.25 278.15 277.95 277.95 278.05 278.45
2018120100 RH2 70.00 63.00 53.00 52.00 51.00 51.00 52.00 53.00 54.00 58.00 61.00 62.00 65.00 63.00 65.00 67.00 66.00 65.00 74.00 77.00 81.00 79.00 82.00 80.00
2018120100 TD2 268.05 268.26 267.95 268.82 270.43 270.90 271.26 271.70 271.77 271.90 272.11 272.34 272.89 272.94 273.18 273.02 272.62 272.60 274.01 274.46 274.97 274.62 275.24 275.29
2018120200 SPD10 2.42 3.08 2.34 2.13 1.71 1.99 2.24 2.13 1.49 1.81 1.89 2.64 2.84 3.23 3.15 2.18 3.30 3.91 3.53 7.10 7.66 7.37 7.84 5.96
2018120200 DIR10 18.00 343.00 344.00 323.00 331.00 358.00 333.00 321.00 348.00 340.00 320.00 359.00 331.00 320.00 303.00 308.00 339.00 332.00 342.00 331.00 324.00 326.00 326.00 336.00
2018120200 SLP 1014.30 1014.30 1014.60 1014.10 1013.50 1012.70 1012.50 1013.00 1013.00 1013.10 1013.50 1013.50 1014.30 1014.90 1015.70 1016.20 1016.00 1016.00 1016.80 1016.90 1017.00 1018.00 1018.40 1019.40
2018120200 T2 278.45 277.85 278.45 278.75 279.05 279.25 279.65 279.65 279.85 279.85 279.85 279.35 278.85 279.05 278.85 278.15 278.55 278.25 277.15 279.85 279.85 279.45 278.85 278.65
2018120200 RH2 83.00 89.00 88.00 85.00 84.00 83.00 81.00 79.00 80.00 81.00 81.00 79.00 86.00 89.00 87.00 89.00 88.00 86.00 86.00 21.00 14.00 12.00 13.00 14.00
2018120200 TD2 275.81 276.20 276.63 276.44 276.56 276.59 276.64 276.28 276.66 276.83 276.83 275.99 276.70 277.38 276.86 276.49 276.73 276.11 275.03 258.95 254.02 251.87 252.32 253.03
2018120300 SPD10 7.48 7.66 7.69 5.72 5.53 5.38 5.46 5.70 5.24 3.47 3.82 4.20 5.25 4.30 4.41 4.83 4.90 5.91 3.81 5.05 5.44 2.01 1.14 1.59
2018120300 DIR10 359.00 360.00 8.00 21.00 35.00 11.00 27.00 42.00 33.00 23.00 4.00 22.00 18.00 30.00 34.00 32.00 28.00 22.00 31.00 26.00 37.00 38.00 247.00 177.00
2018120300 SLP 1020.20 1021.20 1022.10 1022.30 1022.50 1022.00 1021.10 1021.10 1021.60 1022.70 1023.30 1024.00 1024.40 1024.80 1025.50 1025.40 1025.40 1025.70 1026.20 1026.40 1026.30 1026.70 1027.40 1027.70
2018120300 T2 277.55 277.85 278.75 279.25 279.85 280.45 279.95 279.45 279.75 278.55 277.85 278.05 277.75 277.15 276.55 276.35 275.55 274.95 274.85 274.05 273.35 272.55 271.15 272.15
2018120300 RH2 19.00 17.00 15.00 13.00 11.00 11.00 11.00 12.00 13.00 14.00 15.00 15.00 15.00 16.00 17.00 18.00 19.00 19.00 19.00 19.00 21.00 23.00 26.00 26.00
2018120300 TD2 255.76 254.68 253.93 252.65 251.18 251.66 251.26 251.87 253.06 252.95 253.19 253.35 253.10 253.37 253.58 254.10 254.06 253.55 253.47 252.79 253.37 255.65 255.74 256.63
2018120400 SPD10 3.20 4.27 6.37 5.62 4.21 5.58 6.19 5.96 6.20 3.59 3.38 2.56 2.29 1.35 1.83 1.45 2.44 1.88 2.86 2.35 2.08 1.97 2.49 2.49
2018120400 DIR10 318.00 298.00 320.00 335.00 333.00 281.00 291.00 283.00 283.00 294.00 313.00 303.00 322.00 283.00 285.00 29.00 33.00 57.00 41.00 45.00 40.00 51.00 50.00 30.00
2018120400 SLP 1028.30 1028.90 1028.90 1028.50 1027.90 1027.20 1026.70 1026.60 1026.80 1026.90 1027.20 1027.50 1028.40 1028.70 1028.70 1028.70 1028.10 1028.00 1028.10 1028.50 1027.70 1027.60 1027.00 1027.30
2018120400 T2 273.35 274.35 275.65 276.75 276.55 276.15 276.15 276.55 276.15 275.35 274.95 274.15 273.35 272.65 272.75 273.25 271.55 270.55 271.35 270.45 269.85 269.55 269.25 270.25
2018120400 RH2 20.00 20.00 17.00 14.00 15.00 14.00 12.00 12.00 12.00 12.00 12.00 14.00 16.00 18.00 19.00 18.00 24.00 28.00 28.00 29.00 39.00 37.00 40.00 36.00
2018120400 TD2 252.80 253.65 252.83 251.46 252.11 250.97 249.19 249.51 249.19 248.53 248.21 249.31 250.19 253.12 253.78 251.47 255.23 256.00 256.72 256.29 258.99 258.13 258.72 258.47
2018120500 SPD10 2.67 2.83 2.56 2.72 1.86 2.16 1.93 2.83 3.32 1.58 3.57 3.19 2.07 2.55 2.16 2.88 2.25 3.21 5.31 6.86 7.63 8.09 7.81 7.06
2018120500 DIR10 39.00 34.00 36.00 49.00 95.00 79.00 93.00 153.00 122.00 139.00 108.00 151.00 293.00 314.00 300.00 306.00 320.00 325.00 318.00 317.00 318.00 319.00 324.00 321.00
2018120500 SLP 1027.60 1027.60 1027.50 1026.90 1025.70 1024.30 1023.40 1023.00 1022.60 1023.50 1023.40 1023.70 1024.40 1024.80 1025.20 1025.40 1025.60 1025.80 1026.80 1027.50 1028.10 1028.70 1029.10 1030.30
2018120500 T2 270.55 271.05 271.85 272.25 273.15 274.25 274.65 275.35 275.35 275.05 274.45 273.85 272.65 273.05 272.25 271.75 271.75 271.45 272.15 272.35 271.25 270.35 269.65 268.95
2018120500 RH2 34.00 33.00 36.00 35.00 37.00 35.00 33.00 31.00 32.00 35.00 40.00 51.00 39.00 36.00 40.00 40.00 41.00 41.00 36.00 27.00 20.00 18.00 16.00 16.00
2018120500 TD2 258.12 258.24 259.94 259.99 260.10 260.39 260.02 259.86 260.26 261.12 262.26 264.83 261.57 259.66 261.49 261.02 261.30 261.03 260.21 257.21 253.02 251.14 249.32 248.72
2018120600 SPD10 9.77 9.27 9.16 9.10 11.24 9.21 7.01 5.79 7.30 6.26 4.40 5.17 4.77 6.48 5.80 6.09 5.59 5.71 5.90 3.11 2.68 4.29 4.85 3.46
2018120600 DIR10 327.00 326.00 328.00 325.00 331.00 322.00 325.00 333.00 328.00 327.00 333.00 355.00 356.00 335.00 336.00 332.00 333.00 331.00 326.00 310.00 299.00 299.00 319.00 304.00
2018120600 SLP 1031.50 1032.90 1033.60 1033.60 1033.20 1032.50 1032.10 1032.50 1032.90 1033.50 1034.20 1035.10 1035.60 1036.00 1036.40 1036.50 1036.50 1036.70 1036.90 1037.40 1037.40 1037.70 1038.20 1038.80
2018120600 T2 268.45 268.65 268.95 269.65 269.95 270.55 271.45 271.05 270.05 269.25 268.65 267.75 267.45 267.25 267.15 266.55 266.05 265.75 265.85 265.05 264.25 264.55 263.95 263.15
2018120600 RH2 14.00 13.00 12.00 11.00 9.00 9.00 9.00 9.00 9.00 10.00 10.00 11.00 11.00 12.00 12.00 13.00 14.00 15.00 16.00 17.00 20.00 20.00 18.00 18.00
2018120600 TD2 246.94 246.37 245.82 245.53 243.80 244.29 245.02 244.70 243.88 244.26 243.77 243.96 243.71 244.40 244.31 244.60 244.91 245.34 246.07 245.99 246.92 247.18 245.61 244.91
2018120700 SPD10 3.60 4.65 6.34 6.73 6.74 7.00 6.56 6.72 6.89 4.72 4.34 3.24 2.44 2.67 2.95 4.53 5.60 5.89 5.44 6.25 4.85 3.98 5.55 5.37
2018120700 DIR10 314.00 294.00 286.00 299.00 279.00 295.00 291.00 301.00 290.00 291.00 288.00 312.00 294.00 314.00 304.00 305.00 293.00 297.00 304.00 304.00 304.00 327.00 328.00 322.00
2018120700 SLP 1039.50 1040.10 1040.40 1040.00 1038.70 1037.60 1036.50 1035.80 1035.50 1035.40 1035.60 1035.90 1036.20 1036.40 1036.70 1037.30 1037.70 1037.90 1038.00 1037.60 1036.90 1036.90 1037.00 1037.70
2018120700 T2 263.35 264.35 264.55 265.25 265.65 265.95 266.75 267.05 266.95 266.65 266.65 266.65 266.35 265.85 265.95 265.85 264.95 264.75 264.45 263.75 263.55 263.25 263.15 263.25
2018120700 RH2 17.00 15.00 14.00 13.00 13.00 12.00 12.00 12.00 12.00 13.00 14.00 14.00 15.00 15.00 15.00 15.00 16.00 16.00 17.00 18.00 19.00 20.00 19.00 19.00
2018120700 TD2 244.52 244.15 243.64 243.51 243.84 243.31 243.98 244.23 244.15 244.68 245.42 245.42 245.85 245.42 245.51 245.42 245.30 245.13 245.47 245.43 245.80 246.05 245.45 245.54
2018120800 SPD10 4.90 5.46 7.74 7.07 5.65 6.32 7.49 6.53 5.82 2.68 1.73 1.60 2.25 1.28 1.37 1.20 1.97 1.94 3.36 1.90 0.71 0.29 1.42 3.09
2018120800 DIR10 323.00 331.00 329.00 298.00 298.00 307.00 300.00 283.00 294.00 304.00 286.00 272.00 272.00 285.00 267.00 321.00 60.00 62.00 355.00 12.00 49.00 4.00 298.00 354.00
2018120800 SLP 1038.30 1038.60 1038.70 1038.10 1037.20 1036.10 1035.20 1035.00 1035.00 1035.00 1035.10 1035.10 1035.00 1035.30 1035.50 1035.50 1035.40 1035.20 1035.10 1034.70 1034.20 1033.60 1033.60 1033.70
2018120800 T2 264.35 265.55 266.45 267.75 268.45 269.15 270.05 270.25 270.35 269.75 268.85 269.05 269.05 267.55 266.85 266.15 266.25 265.75 264.45 262.75 263.25 262.85 263.45 262.45
2018120800 RH2 19.00 18.00 15.00 15.00 14.00 13.00 11.00 11.00 11.00 12.00 14.00 15.00 16.00 19.00 21.00 23.00 24.00 27.00 34.00 45.00 47.00 47.00 48.00 51.00
2018120800 TD2 246.49 246.99 245.94 247.04 246.94 246.79 245.87 246.03 246.12 246.49 247.28 248.15 248.81 249.27 249.69 250.01 250.54 251.32 252.56 253.96 254.89 254.52 255.30 255.01
2018120900 SPD10 2.43 2.57 2.70 3.27 1.66 1.50 1.62 1.18 2.71 1.83 1.95 2.58 3.07 2.87 3.14 2.14 2.56 2.45 3.27 2.49 2.99 2.26 2.39 2.36
2018120900 DIR10 346.00 347.00 348.00 360.00 43.00 127.00 135.00 141.00 83.00 170.00 337.00 35.00 72.00 51.00 67.00 71.00 54.00 32.00 24.00 352.00 349.00 345.00 345.00 352.00
2018120900 SLP 1034.00 1034.50 1034.60 1034.20 1033.10 1031.80 1031.10 1030.70 1030.40 1030.40 1030.70 1031.00 1031.30 1031.60 1031.70 1032.20 1032.00 1031.90 1031.90 1032.10 1032.00 1031.90 1032.00 1032.30
2018120900 T2 263.05 265.65 266.35 268.45 269.85 271.15 272.05 271.55 272.25 270.95 270.55 270.95 269.55 269.75 268.85 268.05 268.15 267.85 268.45 264.55 263.85 263.95 263.55 263.85
2018120900 RH2 49.00 41.00 35.00 28.00 23.00 19.00 20.00 18.00 18.00 24.00 24.00 23.00 25.00 26.00 29.00 30.00 30.00 32.00 32.00 39.00 44.00 50.00 50.00 49.00
2018120900 TD2 255.15 255.66 254.60 254.12 253.28 252.40 253.72 252.17 252.78 254.70 254.35 254.24 253.89 254.49 254.85 254.50 254.59 255.01 255.55 254.10 254.74 256.21 255.84 255.90
2018121000 SPD10 3.58 3.26 3.86 3.04 2.14 1.39 1.51 2.09 1.78 0.94 1.94 1.47 1.31 1.50 2.69 2.81 3.18 2.32 2.92 3.01 1.79 5.68 5.53 7.88
2018121000 DIR10 348.00 350.00 360.00 360.00 359.00 2.00 192.00 168.00 174.00 45.00 137.00 149.00 51.00 354.00 11.00 345.00 346.00 320.00 347.00 322.00 320.00 323.00 305.00 308.00
2018121000 SLP 1032.90 1033.70 1033.90 1033.50 1032.60 1031.50 1030.80 1030.80 1030.80 1030.70 1031.00 1031.40 1031.40 1031.50 1031.90 1032.40 1032.60 1032.50 1032.60 1032.70 1032.50 1032.40 1032.90 1033.90
2018121000 T2 264.65 266.55 268.45 270.35 271.85 273.45 273.35 272.95 271.95 272.15 271.85 271.35 272.45 270.75 271.35 269.95 269.95 269.95 269.85 270.05 270.35 270.75 269.25 268.35
2018121000 RH2 50.00 45.00 38.00 30.00 25.00 22.00 22.00 22.00 25.00 25.00 24.00 26.00 26.00 29.00 29.00 33.00 30.00 30.00 32.00 34.00 32.00 20.00 18.00 15.00
2018121000 TD2 256.87 257.51 257.42 256.57 255.93 254.01 253.93 255.52 256.02 256.20 255.49 255.91 256.89 256.56 257.10 257.25 256.21 256.21 256.82 257.66 257.27 252.59 250.19 247.55
2018121100 SPD10 6.62 7.67 8.50 7.26 7.78 6.62 6.85 6.83 5.93 3.99 4.87 3.63 3.52 6.63 4.84 5.31 5.59 4.30 1.37 2.41 1.19 1.83 0.57 2.20
2018121100 DIR10 300.00 299.00 307.00 318.00 309.00 318.00 316.00 301.00 288.00 291.00 293.00 311.00 316.00 322.00 331.00 330.00 329.00 323.00 326.00 7.00 335.00 188.00 12.00 31.00
2018121100 SLP 1034.70 1035.00 1035.60 1035.80 1034.90 1034.10 1033.30 1033.10 1033.10 1032.80 1033.20 1033.60 1033.90 1034.10 1034.10 1034.00 1033.80 1033.70 1033.60 1033.50 1033.10 1032.30 1032.00 1031.90
2018121100 T2 268.05 268.45 268.75 269.55 270.05 271.15 271.95 271.65 271.55 270.95 270.45 270.75 270.55 271.25 270.85 270.35 269.45 269.25 267.85 267.75 267.45 264.65 266.75 268.05
2018121100 RH2 16.00 16.00 15.00 14.00 13.00 13.00 12.00 12.00 13.00 15.00 15.00 15.00 15.00 13.00 14.00 14.00 15.00 16.00 19.00 19.00 22.00 36.00 27.00 27.00
2018121100 TD2 247.95 248.29 247.89 247.87 247.54 248.47 248.32 248.07 248.80 249.76 249.34 249.59 249.42 248.55 248.97 248.55 248.49 248.98 249.53 249.45 250.70 253.35 252.21 253.38
2018121200 SPD10 2.04 2.70 1.95 1.97 1.42 2.27 2.81 4.20 4.30 4.90 2.92 4.07 4.20 2.98 3.17 1.86 5.54 5.04 2.94 2.39 1.17 0.75 3.27 3.64
2018121200 DIR10 38.00 43.00 56.00 72.00 218.00 220.00 182.00 200.00 217.00 199.00 176.00 223.00 238.00 9.00 8.00 343.00 339.00 337.00 360.00 349.00 291.00 82.00 303.00 297.00
2018121200 SLP -9999.00 1032.00 1031.60 1030.50 1029.00 1027.40 1026.10 1025.70 1025.40 1025.20 1025.60 1025.90 1025.90 1026.80 1027.70 1028.20 1028.40 1029.20 1029.80 1030.30 1030.70 1031.00 1031.40 1032.00
2018121200 T2 -9999.00 268.05 270.05 271.45 273.85 274.45 275.85 275.35 274.75 273.35 271.65 272.75 272.45 272.75 271.95 269.35 273.05 272.35 270.75 271.85 271.05 271.35 270.15 270.95
2018121200 RH2 -9999.00 33.00 26.00 22.00 16.00 15.00 13.00 12.00 13.00 16.00 19.00 19.00 20.00 21.00 21.00 26.00 21.00 22.00 26.00 22.00 22.00 22.00 24.00 22.00
2018121200 TD2 -9999.00 255.52 254.76 254.21 250.61 250.36 249.86 248.53 248.96 250.19 252.83 253.78 254.07 254.85 254.15 254.13 253.12 255.00 255.38 254.56 253.86 254.12 253.99 253.77
2018121300 SPD10 4.14 4.94 6.24 6.56 5.57 7.12 4.20 3.81 4.03 2.59 1.97 1.91 1.71 1.51 1.55 2.58 1.69 1.30 2.22 1.74 1.40 1.51 2.32 2.94
2018121300 DIR10 343.00 335.00 327.00 324.00 349.00 351.00 307.00 70.00 69.00 82.00 116.00 69.00 179.00 204.00 233.00 51.00 54.00 61.00 49.00 55.00 3.00 359.00 355.00 1.00
2018121300 SLP 1033.00 1033.80 1034.10 1034.20 1033.20 1032.10 1031.70 1031.70 1031.90 1032.50 1033.00 1033.40 1033.80 1034.20 1034.70 1034.90 1035.00 1034.90 1035.10 1035.30 1035.10 1034.70 1034.70 1034.80
2018121300 T2 271.35 273.15 274.55 275.55 276.65 277.05 277.65 276.85 276.55 274.95 274.85 275.25 271.25 272.05 270.55 271.85 270.65 270.35 270.35 268.05 266.55 267.75 265.65 266.25
2018121300 RH2 21.00 19.00 18.00 16.00 15.00 14.00 14.00 16.00 16.00 16.00 18.00 18.00 28.00 27.00 31.00 26.00 31.00 32.00 31.00 36.00 43.00 45.00 48.00 50.00
2018121300 TD2 253.63 252.02 252.57 252.03 252.19 251.71 252.21 253.12 252.87 251.53 252.83 253.17 256.63 256.95 257.11 256.36 257.20 257.27 256.93 256.46 257.01 258.63 257.37 258.38
2018121400 SPD10 2.50 2.53 2.07 1.56 1.28 0.91 1.09 1.23 2.44 3.99 2.29 3.12 1.78 0.92 1.16 2.63 1.70 0.33 2.47 2.24 1.12 2.77 0.69 2.12
2018121400 DIR10 18.00 32.00 54.00 48.00 356.00 236.00 155.00 207.00 179.00 3.00 355.00 64.00 79.00 299.00 347.00 69.00 92.00 283.00 344.00 43.00 320.00 358.00 299.00 346.00
2018121400 SLP 1035.00 1035.50 1035.60 1035.00 1034.00 1032.70 1031.80 1031.30 1031.00 1030.90 1031.30 1031.00 1031.10 1030.80 1030.90 1030.60 1030.00 1029.60 1029.40 1028.70 1027.80 1027.30 1026.90 1027.10
2018121400 T2 267.85 268.85 269.45 270.65 272.85 273.55 275.15 275.85 275.65 273.15 272.25 273.05 273.75 272.65 271.25 270.35 270.45 268.55 267.55 268.55 267.45 266.65 267.55 266.65
2018121400 RH2 45.00 37.00 37.00 33.00 28.00 28.00 25.00 22.00 20.00 29.00 30.00 30.00 27.00 30.00 33.00 34.00 35.00 41.00 47.00 44.00 49.00 53.00 49.00 51.00
2018121400 TD2 258.72 257.49 258.04 257.88 258.06 257.01 257.03 256.08 254.76 257.08 258.28 257.41 256.74 258.64 258.43 257.94 258.35 258.34 258.92 259.12 259.29 259.40 259.38 258.98
2018121500 SPD10 2.50 2.59 1.93 2.25 1.36 1.84 0.89 1.50 1.28 1.03 1.50 0.89 1.16 1.42 1.10 0.86 0.78 2.23 1.48 1.48 1.81 2.66 1.11 1.50
2018121500 DIR10 3.00 349.00 359.00 10.00 6.00 59.00 138.00 186.00 172.00 195.00 166.00 174.00 122.00 346.00 305.00 265.00 236.00 344.00 321.00 326.00 5.00 343.00 311.00 338.00
2018121500 SLP 1026.70 1026.90 1026.70 1025.90 1024.50 1023.30 1022.30 1021.60 1021.50 1021.50 1021.70 1021.90 1021.70 1021.40 1021.30 1021.30 1020.90 1019.90 1019.90 1019.70 1019.20 1018.60 1018.50 1018.40
2018121500 T2 267.45 269.85 271.25 272.05 273.05 274.05 275.15 274.85 274.15 273.65 273.35 272.75 273.55 273.95 273.55 271.75 271.15 269.75 271.15 269.75 269.25 267.15 268.85 269.75
2018121500 RH2 54.00 50.00 47.00 43.00 37.00 32.00 29.00 31.00 33.00 35.00 36.00 39.00 37.00 36.00 39.00 44.00 48.00 51.00 41.00 45.00 47.00 54.00 50.00 50.00
2018121500 TD2 260.37 261.77 262.38 262.12 260.00 259.10 258.86 259.42 259.57 259.85 259.93 261.66 260.46 260.48 261.12 262.10 262.53 261.90 260.75 260.49 260.51 260.09 260.83 261.68
2018121600 SPD10 0.71 2.08 0.90 3.46 7.13 7.77 6.73 5.55 6.02 2.95 2.31 1.80 2.71 5.13 3.50 4.50 4.98 1.76 2.36 0.90 0.79 1.30 2.35 2.40
2018121600 DIR10 250.00 359.00 300.00 267.00 281.00 279.00 280.00 283.00 300.00 283.00 268.00 293.00 314.00 317.00 313.00 334.00 318.00 261.00 309.00 306.00 190.00 222.00 254.00 296.00
2018121600 SLP 1018.70 1018.90 1018.90 1018.40 1017.10 1016.10 1015.50 1015.30 1015.30 1015.70 1016.20 1016.80 1017.60 1018.20 1018.90 1019.00 1019.00 1019.20 1019.20 1019.20 1018.80 1018.80 1018.50 1019.00
2018121600 T2 267.75 271.45 274.35 277.25 280.95 281.85 281.95 281.85 281.75 280.15 279.95 279.55 279.15 279.25 278.15 277.35 276.75 273.75 274.85 272.25 270.85 270.45 271.95 273.15
2018121600 RH2 60.00 45.00 35.00 30.00 20.00 17.00 16.00 16.00 16.00 17.00 18.00 18.00 18.00 18.00 19.00 18.00 19.00 24.00 23.00 28.00 34.00 37.00 34.00 30.00
2018121600 TD2 261.84 262.08 260.48 261.14 259.28 258.03 257.37 257.29 257.21 256.61 257.14 256.80 256.46 256.55 256.27 254.94 255.08 255.32 255.76 257.52 258.39 258.96 259.39 257.50
2018121700 SPD10 1.87 3.09 2.26 2.23 2.18 5.43 5.93 5.52 3.96 3.66 3.28 3.41 2.76 2.57 1.68 2.18 2.00 1.80 2.97 2.20 0.88 1.82 1.38 2.16
2018121700 DIR10 17.00 3.00 4.00 41.00 103.00 289.00 282.00 284.00 192.00 209.00 205.00 183.00 198.00 187.00 201.00 350.00 75.00 113.00 13.00 358.00 297.00 303.00 323.00 322.00
2018121700 SLP 1019.60 1020.20 1020.60 1020.00 1018.70 1017.60 1016.80 1016.20 1016.30 1016.20 1016.50 1016.50 1016.40 1016.00 1016.00 1015.90 1015.70 1015.50 1015.70 1015.60 1015.10 1015.90 1016.00 1016.60
2018121700 T2 273.65 275.55 277.25 278.25 280.65 282.25 282.55 282.95 280.95 279.25 278.15 275.75 274.65 275.35 275.15 273.25 275.05 273.65 272.85 270.85 270.65 269.85 270.25 271.65
2018121700 RH2 31.00 26.00 23.00 21.00 19.00 14.00 14.00 14.00 17.00 19.00 21.00 25.00 29.00 29.00 30.00 34.00 31.00 33.00 36.00 45.00 46.00 47.00 46.00 41.00
2018121700 TD2 258.35 257.86 257.83 257.58 258.39 256.00 256.24 256.57 257.28 257.21 257.49 257.55 258.41 259.03 259.28 259.13 259.60 259.12 260.85 261.52 261.58 261.07 261.20 261.21
2018121800 SPD10 1.18 2.16 1.52 2.98 4.18 6.16 4.80 4.38 3.90 3.55 2.64 2.38 3.17 2.11 1.53 2.30 0.86 1.91 1.63 2.48 2.75 3.02 3.65 2.08
2018121800 DIR10 331.00 310.00 226.00 337.00 326.00 8.00 15.00 28.00 30.00 29.00 44.00 35.00 355.00 32.00 84.00 1.00 334.00 43.00 4.00 353.00 348.00 339.00 352.00 357.00
2018121800 SLP 1017.20 1017.90 1018.60 1018.20 1016.80 1015.70 1014.70 1014.20 1014.30 1014.70 1015.20 1015.50 1016.10 1016.20 1016.50 1016.50 1016.70 1016.80 1017.10 1017.00 1016.80 1017.20 1017.40 1017.90
2018121800 T2 271.85 275.85 277.95 281.65 282.05 282.05 282.65 282.05 281.05 280.05 279.55 278.45 275.95 277.75 276.05 272.75 272.85 272.75 272.05 270.75 269.95 270.35 269.25 270.35
2018121800 RH2 40.00 30.00 28.00 19.00 17.00 17.00 16.00 17.00 18.00 20.00 20.00 22.00 27.00 25.00 29.00 35.00 37.00 38.00 42.00 47.00 49.00 48.00 53.00 46.00
2018121800 TD2 261.12 259.90 260.89 259.24 258.20 258.20 257.96 258.20 258.06 258.52 258.09 258.32 258.68 259.30 259.65 260.44 261.16 261.37 261.85 261.92 261.64 261.78 261.86 261.30
2018121900 SPD10 3.21 1.55 2.21 1.87 3.16 1.85 0.95 1.28 2.89 2.61 3.25 2.70 2.15 0.81 0.69 2.50 2.75 1.65 2.46 2.31 1.85 1.47 1.13 2.96
2018121900 DIR10 13.00 327.00 331.00 21.00 24.00 56.00 26.00 340.00 33.00 34.00 29.00 40.00 28.00 259.00 270.00 3.00 360.00 9.00 19.00 3.00 344.00 344.00 323.00 8.00
2018121900 SLP 1018.40 1019.00 1019.60 1019.30 1018.50 1017.80 1017.40 1017.00 1017.20 1017.40 1018.00 1018.70 1018.90 1019.00 1019.60 1020.00 1019.70 1019.70 1019.70 1019.90 1019.50 1019.30 1019.10 1019.40
2018121900 T2 270.85 272.85 275.65 277.45 280.15 281.65 282.15 282.65 281.35 280.25 279.85 278.95 278.35 274.65 274.55 274.15 273.75 274.15 272.45 271.85 271.25 270.05 269.65 271.05
2018121900 RH2 46.00 41.00 34.00 30.00 27.00 25.00 22.00 22.00 24.00 26.00 28.00 28.00 29.00 40.00 44.00 41.00 45.00 44.00 49.00 53.00 55.00 58.00 61.00 55.00
2018121900 TD2 261.77 262.32 261.29 261.32 262.36 262.69 261.50 261.93 261.91 261.97 262.56 261.77 261.69 262.44 263.57 262.30 263.12 263.20 263.98 264.32 264.18 263.65 263.85 263.99
2018122000 SPD10 1.15 2.32 2.38 2.26 1.95 2.12 2.19 2.24 1.47 3.09 4.46 2.20 1.69 3.05 1.65 2.27 1.65 2.49 0.82 2.65 1.60 0.94 1.52 1.80
2018122000 DIR10 33.00 52.00 60.00 58.00 37.00 56.00 73.00 156.00 101.00 115.00 118.00 143.00 184.00 156.00 126.00 72.00 89.00 27.00 306.00 356.00 327.00 353.00 349.00 308.00
2018122000 SLP 1020.10 1020.60 1021.00 1020.40 1019.60 1018.30 1017.50 1017.40 1017.40 1017.00 1016.70 1016.70 1016.90 1017.20 1017.50 1017.00 1017.00 1017.50 1017.80 1018.40 1017.90 1018.10 1018.30 1019.10
2018122000 T2 271.95 273.55 273.65 275.15 276.35 278.15 279.35 279.55 279.55 279.55 278.65 278.15 277.05 278.25 277.85 277.35 276.55 276.25 275.25 272.65 273.25 271.85 271.65 271.75
2018122000 RH2 52.00 48.00 45.00 42.00 39.00 35.00 33.00 32.00 32.00 31.00 32.00 34.00 38.00 37.00 37.00 38.00 40.00 41.00 45.00 51.00 50.00 54.00 58.00 56.00
2018122000 TD2 264.20 263.76 263.03 263.52 263.67 263.91 264.23 264.01 264.01 263.60 263.21 263.54 263.97 264.72 264.35 264.24 264.18 264.22 264.51 264.63 264.01 264.54 265.18 264.86
2018122100 SPD10 2.44 2.81 4.36 1.33 5.69 4.06 3.60 3.00 3.23 3.59 3.12 2.90 2.62 2.84 1.85 1.71 0.51 1.32 0.43 2.69 2.27 3.45 2.82 3.64
2018122100 DIR10 344.00 313.00 316.00 27.00 331.00 332.00 300.00 296.00 304.00 267.00 172.00 210.00 229.00 243.00 208.00 176.00 195.00 8.00 328.00 342.00 339.00 353.00 356.00 357.00
2018122100 SLP 1020.10 1021.00 1021.20 1021.10 1020.20 1019.70 1019.30 1019.10 1019.00 1019.00 1020.10 1020.80 1021.00 1021.40 1021.80 1022.30 1022.40 1022.50 1023.00 1023.10 1022.80 1022.70 1022.80 1022.80
2018122100 T2 272.35 276.85 278.85 279.75 281.95 281.65 282.25 281.95 281.85 280.95 277.95 277.65 277.75 277.75 277.65 276.55 277.85 276.55 276.65 274.45 273.95 273.25 272.15 274.65
2018122100 RH2 54.00 35.00 30.00 27.00 20.00 19.00 17.00 17.00 16.00 17.00 32.00 36.00 35.00 36.00 37.00 38.00 34.00 38.00 38.00 46.00 46.00 45.00 52.00 39.00
2018122100 TD2 265.01 262.74 262.56 262.01 260.13 259.24 258.37 258.12 257.29 257.28 262.58 263.82 263.55 263.91 264.17 263.52 263.27 263.52 263.61 264.05 263.59 262.66 264.39 262.12
2018122200 SPD10 4.38 3.26 3.32 3.25 3.76 5.05 4.75 4.13 3.94 4.81 2.93 2.71 5.17 5.93 7.96 8.30 9.74 7.39 8.02 8.86 9.56 9.86 6.72 5.82
2018122200 DIR10 349.00 327.00 346.00 3.00 12.00 360.00 337.00 327.00 292.00 295.00 306.00 303.00 315.00 349.00 352.00 333.00 327.00 322.00 347.00 334.00 330.00 329.00 321.00 296.00
2018122200 SLP 1023.50 1024.50 1025.20 1024.80 1024.10 1023.70 1023.30 1023.50 1023.70 1024.00 1024.90 1025.40 1026.30 1027.90 1029.20 1030.10 1031.00 1031.90 1032.50 1032.80 1032.90 1032.70 1033.50 1034.00
2018122200 T2 275.55 276.35 277.35 278.95 280.25 281.55 282.45 281.95 281.95 280.95 280.05 278.95 278.55 276.55 275.55 275.05 273.95 272.25 270.85 270.05 269.05 268.25 267.55 266.85
2018122200 RH2 33.00 31.00 30.00 25.00 21.00 17.00 15.00 15.00 17.00 18.00 18.00 20.00 20.00 23.00 24.00 20.00 17.00 17.00 17.00 15.00 12.00 11.00 13.00 14.00
2018122200 TD2 260.82 260.75 261.23 260.34 259.29 257.78 257.00 256.59 258.12 257.98 257.22 257.58 257.24 257.23 256.88 254.25 251.40 252.18 250.97 249.00 245.90 244.37 245.44 245.59
2018122300 SPD10 7.97 7.48 6.75 5.73 4.88 5.45 3.93 3.43 3.15 1.39 3.10 2.21 3.01 1.34 1.83 1.67 2.13 1.98 1.49 2.38 2.38 2.04 2.42 1.32
2018122300 DIR10 322.00 332.00 326.00 325.00 329.00 336.00 334.00 342.00 331.00 222.00 190.00 182.00 207.00 194.00 158.00 171.00 353.00 1.00 16.00 17.00 24.00 15.00 358.00 337.00
2018122300 SLP 1034.40 1035.00 1035.20 1034.70 1033.40 1032.30 1031.30 1030.60 1029.90 1029.60 1029.50 1029.10 1029.10 1028.80 1028.70 1028.50 1028.20 1028.10 1027.80 1027.50 1026.90 1026.00 1025.30 1025.60
2018122300 T2 267.35 268.35 269.45 270.65 271.75 272.65 273.35 274.15 273.75 271.95 269.95 270.15 270.35 269.75 270.05 268.85 266.65 265.75 266.45 266.05 264.45 264.85 263.25 263.35
2018122300 RH2 12.00 12.00 11.00 10.00 9.00 9.00 8.00 7.00 7.00 8.00 13.00 14.00 15.00 18.00 18.00 22.00 25.00 27.00 30.00 31.00 39.00 40.00 48.00 48.00
2018122300 TD2 244.48 245.32 245.37 245.41 245.27 246.00 242.42 241.60 241.29 244.26 247.46 248.38 249.25 250.62 250.88 251.93 251.32 251.32 253.05 253.04 254.01 254.65 255.12 255.21
2018122400 SPD10 3.04 2.56 2.31 0.96 1.51 1.33 1.28 2.97 3.48 2.23 3.07 2.77 2.33 1.59 2.50 2.68 2.15 3.31 2.30 4.13 0.87 4.40 4.08 7.39
2018122400 DIR10 353.00 348.00 328.00 339.00 178.00 179.00 150.00 169.00 179.00 177.00 173.00 176.00 154.00 173.00 45.00 70.00 40.00 353.00 350.00 2.00 279.00 346.00 343.00 317.00
2018122400 SLP 1025.60 1025.50 1025.20 1024.40 1023.00 1021.60 1020.30 1019.70 1019.10 1019.30 1018.80 1018.80 1018.70 1018.40 1018.50 1018.80 1019.20 1018.90 1019.20 1019.40 1019.20 1019.20 1019.50 1020.00
2018122400 T2 264.15 266.25 268.35 271.45 272.85 273.65 274.45 274.85 273.85 271.95 269.55 270.35 271.15 270.95 270.55 268.95 269.15 266.25 267.25 267.05 267.15 266.35 267.05 272.05
2018122400 RH2 49.00 36.00 30.00 21.00 19.00 16.00 13.00 13.00 15.00 20.00 26.00 26.00 25.00 27.00 28.00 31.00 30.00 39.00 35.00 33.00 32.00 43.00 39.00 21.00
2018122400 TD2 256.18 254.81 254.77 253.71 253.87 250.44 248.71 249.04 249.86 253.63 254.31 255.02 255.31 255.97 256.00 255.66 255.49 255.67 255.42 254.61 254.37 256.82 256.41 254.24
2018122500 SPD10 8.34 5.20 4.23 8.32 9.65 8.76 6.42 6.18 4.81 4.78 5.21 5.66 7.96 6.11 7.01 6.68 7.09 8.16 7.82 6.13 5.69 5.60 5.30 5.73
2018122500 DIR10 325.00 309.00 316.00 328.00 333.00 338.00 334.00 316.00 307.00 328.00 4.00 16.00 11.00 15.00 28.00 26.00 32.00 35.00 36.00 33.00 32.00 23.00 28.00 22.00
2018122500 SLP 1021.10 1022.40 1023.00 1023.00 1022.70 1022.00 1022.00 1022.80 1023.30 1024.00 1024.70 1025.30 1026.20 1027.20 1028.40 1028.90 1029.10 1029.40 1029.50 1030.10 1030.20 1030.30 1030.50 1031.30
2018122500 T2 271.95 273.75 274.85 276.35 277.15 277.35 277.95 276.95 276.35 274.75 273.85 273.55 272.95 271.95 271.15 270.45 269.45 268.85 268.55 268.05 267.35 267.05 266.65 266.65
2018122500 RH2 19.00 17.00 16.00 13.00 12.00 11.00 10.00 12.00 14.00 16.00 16.00 17.00 17.00 16.00 13.00 12.00 13.00 13.00 14.00 16.00 16.00 15.00 17.00 17.00
2018122500 TD2 253.09 251.23 251.44 250.27 250.00 249.16 248.55 249.84 251.13 251.36 250.61 251.06 252.78 251.28 248.47 247.07 247.04 246.54 247.03 247.95 247.35 246.45 247.36 247.36
2018122600 SPD10 6.35 5.13 5.50 6.05 3.70 2.69 2.05 1.37 1.19 1.41 2.03 2.73 1.56 0.82 2.66 2.82 3.98 5.75 6.01 5.41 6.83 8.27 8.11 8.33
2018122600 DIR10 16.00 19.00 27.00 18.00 46.00 345.00 7.00 52.00 216.00 173.00 66.00 32.00 181.00 269.00 9.00 331.00 347.00 331.00 322.00 325.00 343.00 326.00 334.00 330.00
2018122600 SLP 1032.10 1032.90 1033.20 1032.90 1032.20 1031.00 1030.30 1030.10 1030.20 1030.60 1031.20 1031.70 1032.20 1032.90 1033.90 1034.70 1035.30 1035.80 1037.00 1037.90 1038.20 1038.20 1038.50 1039.30
2018122600 T2 266.45 267.15 268.05 268.75 269.35 270.35 270.35 270.75 270.15 268.95 269.65 269.75 268.15 267.55 267.45 267.05 266.25 266.35 265.35 264.65 263.65 263.05 262.45 262.05
2018122600 RH2 17.00 18.00 16.00 14.00 13.00 12.00 12.00 12.00 12.00 14.00 14.00 15.00 18.00 19.00 21.00 22.00 19.00 14.00 9.00 9.00 11.00 10.00 11.00 10.00
2018122600 TD2 247.19 248.37 247.95 247.20 246.96 246.99 246.99 247.32 246.82 247.37 247.96 248.74 249.24 249.27 250.22 250.35 248.14 245.16 240.04 239.47 240.55 239.15 239.55 238.32
2018122700 SPD10 6.10 6.44 6.94 10.36 10.17 7.63 6.07 7.76 8.44 8.40 10.20 12.02 12.66 9.89 10.35 9.96 11.11 10.08 9.08 9.18 7.91 8.50 10.07 9.06
2018122700 DIR10 329.00 326.00 324.00 327.00 337.00 319.00 301.00 327.00 324.00 323.00 322.00 338.00 331.00 326.00 327.00 330.00 328.00 329.00 334.00 335.00 326.00 324.00 334.00 331.00
2018122700 SLP 1040.50 1041.20 1041.80 1040.20 1039.10 1038.00 1037.80 1037.80 1037.80 1037.70 1037.80 1038.20 1038.40 1039.70 1040.00 1040.80 1040.80 1040.70 1040.80 1040.90 1041.10 1041.80 1041.90 1042.60
2018122700 T2 262.05 261.95 262.45 264.45 265.05 265.55 266.15 266.25 266.15 265.15 265.25 264.55 264.25 263.75 263.65 263.45 262.65 262.55 262.35 262.15 261.75 261.45 261.55 261.55
2018122700 RH2 10.00 11.00 11.00 10.00 9.00 10.00 10.00 8.00 9.00 10.00 10.00 10.00 11.00 11.00 12.00 13.00 13.00 14.00 15.00 16.00 16.00 17.00 17.00 17.00
2018122700 TD2 238.32 239.13 239.55 240.30 239.80 241.21 241.71 239.66 240.70 240.88 240.96 240.39 241.05 240.63 241.38 241.99 241.31 241.94 242.44 242.89 242.55 242.88 242.97 242.97
2018122800 SPD10 6.02 7.40 8.54 9.32 7.40 7.98 7.05 5.15 5.74 6.10 4.42 4.58 3.53 2.32 3.56 3.63 2.89 1.64 3.86 2.65 2.43 3.53 4.17 3.54
2018122800 DIR10 325.00 325.00 323.00 325.00 325.00 315.00 311.00 297.00 316.00 302.00 288.00 294.00 291.00 306.00 309.00 307.00 297.00 296.00 310.00 285.00 261.00 302.00 316.00 327.00
2018122800 SLP 1043.20 1043.70 1043.30 1042.80 1041.10 1039.70 1039.10 1038.70 1038.50 1038.60 1039.00 1038.80 1038.90 1039.30 1039.40 1039.50 1039.40 1039.60 1039.10 1039.30 1038.90 1038.80 1039.30 1040.10
2018122800 T2 261.75 262.65 263.55 264.85 265.45 266.55 267.75 268.05 267.85 267.35 267.55 267.55 267.35 267.25 267.65 266.85 266.45 266.25 266.75 266.15 265.35 265.75 265.75 265.25
2018122800 RH2 18.00 17.00 16.00 16.00 15.00 14.00 13.00 13.00 13.00 14.00 15.00 15.00 16.00 16.00 16.00 16.00 17.00 17.00 15.00 16.00 17.00 16.00 15.00 15.00
2018122800 TD2 243.70 243.92 244.10 245.21 245.08 245.33 245.61 245.86 245.69 246.01 246.87 246.87 247.35 247.27 247.61 246.92 247.19 247.02 246.19 246.32 246.24 245.98 245.34 244.91
2018122900 SPD10 3.75 4.36 5.93 6.05 5.99 5.82 5.74 4.17 3.05 1.91 2.21 0.60 2.56 2.65 3.67 3.32 4.02 5.28 5.17 5.37 4.88 3.68 3.47 3.68
2018122900 DIR10 343.00 330.00 319.00 323.00 300.00 308.00 309.00 350.00 333.00 30.00 70.00 314.00 48.00 14.00 6.00 43.00 21.00 26.00 37.00 35.00 32.00 38.00 15.00 357.00
2018122900 SLP 1040.70 1041.20 1041.20 1040.60 1039.60 1038.30 1037.80 1037.70 1037.90 1038.30 1039.00 1039.70 1039.90 1040.30 1040.60 1041.10 1041.30 1040.80 1040.60 1040.60 1040.80 1040.60 1040.70 1041.30
2018122900 T2 265.65 267.55 268.65 269.15 270.25 270.65 271.25 271.15 271.55 270.35 269.65 269.35 269.15 267.85 267.75 266.85 266.85 266.35 266.55 265.95 265.05 264.95 264.85 263.15
2018122900 RH2 16.00 13.00 12.00 12.00 12.00 12.00 12.00 12.00 13.00 14.00 13.00 15.00 15.00 20.00 22.00 23.00 24.00 25.00 24.00 24.00 26.00 25.00 26.00 34.00
2018122900 TD2 245.90 245.44 245.57 245.99 246.90 247.24 247.74 247.66 248.80 248.55 247.21 248.40 248.23 250.06 250.96 250.63 251.07 251.05 250.81 250.28 250.30 249.81 250.12 251.37
2018123000 SPD10 4.70 5.06 3.89 4.68 3.29 2.45 2.77 2.06 1.46 1.41 1.61 1.42 1.91 0.91 1.74 3.10 2.27 2.36 1.89 3.14 2.73 2.12 1.23 2.99
2018123000 DIR10 2.00 360.00 351.00 23.00 16.00 346.00 44.00 15.00 334.00 252.00 181.00 160.00 171.00 173.00 37.00 83.00 55.00 34.00 30.00 7.00 1.00 2.00 318.00 349.00
2018123000 SLP 1041.50 1042.10 1042.20 1041.50 1040.40 1039.20 1038.70 1038.50 1038.50 1038.80 1039.50 1039.80 1040.10 1040.30 1040.60 1040.60 1040.60 1040.10 1040.40 1040.30 1039.80 1039.70 1040.10 1040.20
2018123000 T2 264.25 265.65 267.45 268.35 268.85 270.55 270.35 270.75 270.75 269.35 268.15 268.85 268.15 268.75 267.35 266.05 265.05 265.35 264.65 263.85 262.75 263.25 262.55 261.45
2018123000 RH2 32.00 27.00 23.00 19.00 18.00 17.00 17.00 16.00 16.00 18.00 20.00 20.00 21.00 22.00 24.00 26.00 29.00 28.00 33.00 42.00 44.00 41.00 44.00 47.00
2018123000 TD2 251.74 251.23 251.16 249.97 249.84 250.72 250.54 250.26 250.26 250.27 250.32 250.93 250.83 251.84 251.51 251.19 251.44 251.34 252.43 254.25 253.72 253.43 253.53 253.20
2018123100 SPD10 2.95 2.72 2.78 1.76 0.78 0.52 2.71 1.68 1.39 1.51 2.50 2.43 2.37 2.70 2.09 1.10 1.03 0.46 0.81 0.88 1.10 3.80 2.85 1.48
2018123100 DIR10 352.00 342.00 343.00 350.00 252.00 312.00 55.00 179.00 46.00 128.00 57.00 70.00 62.00 54.00 26.00 320.00 350.00 276.00 340.00 330.00 317.00 351.00 336.00 317.00
2018123100 SLP 1040.40 1041.00 1041.10 1040.60 1040.00 1038.80 1037.70 1037.90 1037.70 1037.80 1038.00 1038.00 1038.10 1038.00 1037.90 1038.20 1038.00 1037.70 1037.50 1037.50 1037.10 1036.50 1036.80 1037.10
2018123100 T2 262.05 263.65 265.75 267.95 268.85 269.35 269.35 269.45 269.95 269.65 269.55 268.95 268.75 268.85 268.85 267.65 267.55 266.45 266.75 265.75 264.65 263.75 264.65 265.55
2018123100 RH2 48.00 40.00 35.00 27.00 26.00 24.00 23.00 22.00 23.00 24.00 24.00 25.00 26.00 26.00 26.00 27.00 28.00 33.00 34.00 36.00 40.00 42.00 43.00 45.00
2018123100 TD2 253.99 253.54 254.05 253.29 253.69 253.28 252.83 252.45 253.36 253.55 253.46 253.36 253.60 253.69 253.69 253.02 253.31 254.07 254.66 254.35 254.47 254.15 255.24 256.57
