2018110200 SPD10 1.34 1.18 1.38 1.34 1.36 2.28 1.78 2.41 3.03 1.18 0.80 0.88 1.24 1.00 1.04 0.83 1.02 1.17 0.79 1.13 0.78 0.65 0.52 0.53
2018110200 DIR10 9.00 18.00 94.00 106.00 100.00 139.00 118.00 170.00 172.00 60.00 69.00 26.00 54.00 46.00 23.00 63.00 22.00 8.00 32.00 41.00 17.00 20.00 335.00 34.00
2018110200 SLP 1023.60 1023.80 1023.60 1023.10 1022.40 1021.20 1020.20 1019.90 1019.50 1019.40 1019.60 1020.10 1020.40 1020.40 1020.40 1020.20 1020.00 1019.80 1019.70 1019.50 1019.10 1019.20 1019.40 1019.20
2018110200 T2 278.65 281.45 283.75 284.95 286.45 287.95 288.65 289.55 288.95 287.25 283.45 281.45 281.55 280.55 281.35 279.25 278.15 278.15 278.25 278.05 276.75 277.15 277.35 277.35
2018110200 RH2 77.00 64.00 55.00 52.00 48.00 45.00 45.00 44.00 46.00 50.00 66.00 78.00 74.00 79.00 74.00 85.00 87.00 90.00 89.00 87.00 87.00 90.00 88.00 93.00
2018110200 TD2 274.95 275.06 275.12 275.46 275.74 276.21 276.86 277.36 277.44 277.06 277.41 277.86 277.21 277.16 277.01 276.93 276.17 276.65 276.59 276.07 274.79 275.66 275.54 276.32
2018110300 SPD10 0.83 0.96 1.10 1.42 1.70 2.03 3.26 4.42 1.96 1.43 2.65 1.14 1.06 0.67 0.80 1.09 1.92 1.27 1.47 1.36 1.39 0.46 1.11 0.39
2018110300 DIR10 325.00 359.00 31.00 84.00 116.00 130.00 178.00 170.00 191.00 198.00 181.00 352.00 8.00 54.00 143.00 134.00 359.00 24.00 15.00 6.00 20.00 59.00 284.00 285.00
2018110300 SLP 1019.50 1019.70 1019.20 1018.80 1018.00 1017.00 1016.00 1015.70 1015.60 1015.60 1016.00 1016.60 1017.00 1016.80 1017.00 1017.20 1017.40 1017.40 1017.20 1017.20 1016.80 1017.00 1018.00 1018.80
2018110300 T2 279.25 281.55 283.85 285.45 287.35 288.65 289.75 290.35 289.85 287.85 286.75 282.95 282.15 282.15 282.65 283.95 280.75 281.45 282.65 281.85 282.55 282.55 282.95 282.95
2018110300 RH2 88.00 76.00 66.00 60.00 55.00 51.00 46.00 43.00 45.00 50.00 52.00 70.00 77.00 75.00 72.00 67.00 82.00 81.00 78.00 80.00 76.00 78.00 77.00 79.00
2018110300 TD2 277.42 277.59 277.79 277.96 278.51 278.64 278.18 277.77 277.96 277.61 277.15 277.77 278.36 277.98 277.88 278.11 277.89 278.40 279.03 278.61 278.56 278.93 279.13 279.50
2018110400 SPD10 0.81 1.59 1.72 1.53 2.18 1.29 2.42 3.35 4.38 2.78 2.06 3.07 3.00 3.41 1.28 2.49 1.53 0.67 0.76 0.92 1.37 2.21 1.24 2.04
2018110400 DIR10 302.00 304.00 323.00 334.00 337.00 350.00 350.00 30.00 26.00 23.00 2.00 30.00 42.00 41.00 360.00 7.00 8.00 348.00 25.00 10.00 359.00 28.00 340.00 1.00
2018110400 SLP 1019.80 1020.80 1020.90 1021.30 1021.20 1021.10 1021.50 1022.00 1022.60 1023.10 1023.90 1024.30 1024.90 1025.30 1026.10 1026.10 1026.20 1026.20 1026.80 1026.40 1026.80 1026.50 1026.80 1027.10
2018110400 T2 282.65 282.95 282.45 281.95 281.65 281.75 281.55 281.55 281.05 280.95 280.65 281.05 280.95 280.35 279.55 278.15 276.05 276.25 275.05 274.55 273.85 275.95 275.95 275.65
2018110400 RH2 87.00 86.00 84.00 87.00 84.00 88.00 84.00 78.00 78.00 77.00 79.00 67.00 68.00 70.00 75.00 81.00 86.00 86.00 90.00 90.00 89.00 73.00 73.00 75.00
2018110400 TD2 280.61 280.74 279.90 279.92 279.12 279.89 279.02 277.96 277.47 277.19 277.26 275.32 275.43 275.26 275.46 275.17 273.94 274.14 273.58 273.09 272.24 271.59 271.59 271.67
2018110500 SPD10 1.60 4.35 3.08 1.69 1.80 1.43 1.26 1.51 1.46 0.91 0.60 0.37 0.99 0.98 1.41 1.39 0.63 0.82 1.69 0.27 0.95 0.94 0.97 1.35
2018110500 DIR10 355.00 26.00 53.00 38.00 97.00 237.00 185.00 192.00 206.00 179.00 160.00 29.00 39.00 360.00 3.00 357.00 356.00 17.00 333.00 207.00 357.00 348.00 333.00 349.00
2018110500 SLP 1027.80 1027.90 1027.70 1027.20 1026.80 1025.90 1025.00 1024.60 1024.30 1024.70 1025.30 1026.20 1026.30 1026.80 1026.90 1027.30 1027.20 1027.40 1027.80 1028.20 1028.30 1028.60 1029.10 1029.20
2018110500 T2 277.15 279.85 281.45 283.15 282.65 283.45 283.75 283.55 283.25 282.05 281.05 279.85 279.65 278.55 278.45 276.55 275.65 275.65 275.55 274.45 273.75 274.45 274.35 274.45
2018110500 RH2 70.00 58.00 51.00 43.00 42.00 39.00 41.00 42.00 45.00 52.00 58.00 69.00 68.00 73.00 72.00 78.00 83.00 85.00 86.00 87.00 85.00 85.00 84.00 80.00
2018110500 TD2 272.18 272.18 271.93 271.17 270.40 270.13 271.08 271.22 271.89 272.75 273.32 274.58 274.18 274.11 273.82 273.08 273.06 273.39 273.45 272.52 271.52 272.21 271.95 271.38
2018110600 SPD10 2.49 3.64 3.09 4.50 3.48 2.82 1.01 1.88 1.38 0.60 0.40 0.49 0.79 0.37 0.44 0.74 0.45 0.32 0.84 0.65 0.72 0.94 0.75 1.58
2018110600 DIR10 3.00 24.00 29.00 56.00 39.00 48.00 31.00 76.00 41.00 341.00 276.00 302.00 329.00 299.00 324.00 347.00 301.00 293.00 301.00 330.00 357.00 300.00 2.00 347.00
2018110600 SLP 1029.50 1030.10 1030.10 1029.60 1028.90 1028.10 1027.60 1027.20 1026.80 1026.60 1026.80 1027.40 1027.60 1027.70 1027.70 1027.60 1027.20 1027.10 1027.30 1026.70 1026.40 1026.40 1026.20 1026.20
2018110600 T2 276.55 279.45 281.05 282.25 283.15 283.25 283.65 283.35 282.95 281.25 279.75 277.95 277.25 276.05 274.45 274.75 272.55 272.15 270.85 270.25 270.85 270.35 270.75 272.35
2018110600 RH2 75.00 46.00 37.00 28.00 25.00 22.00 20.00 21.00 25.00 31.00 44.00 55.00 60.00 65.00 70.00 65.00 77.00 80.00 86.00 87.00 81.00 84.00 80.00 72.00
2018110600 TD2 272.54 268.67 267.25 264.67 264.00 262.45 261.58 261.94 263.82 265.11 268.36 269.67 270.18 270.11 269.57 268.87 269.38 269.45 269.04 268.58 268.32 268.26 268.08 268.39
2018110700 SPD10 2.60 2.92 3.20 1.06 1.19 1.84 2.02 1.21 2.88 2.46 1.94 0.21 1.04 0.73 1.84 0.77 0.98 0.97 1.17 1.16 1.03 1.54 0.94 0.63
2018110700 DIR10 5.00 3.00 19.00 229.00 340.00 148.00 194.00 195.00 180.00 189.00 185.00 26.00 98.00 53.00 5.00 58.00 22.00 356.00 25.00 125.00 7.00 357.00 8.00 15.00
2018110700 SLP 1026.30 1026.20 1024.70 1024.80 1023.80 1022.90 1021.90 1021.10 1020.70 1020.20 1020.10 1020.00 1019.80 1019.40 1019.30 1018.90 1018.30 1017.70 1017.00 1016.30 1015.90 1015.40 1015.20 1014.70
2018110700 T2 274.85 276.75 279.05 281.45 283.95 283.85 284.25 284.85 283.85 282.75 281.75 280.15 280.75 279.55 278.65 278.45 278.15 277.15 277.45 278.25 276.65 276.45 276.55 276.85
2018110700 RH2 70.00 63.00 46.00 35.00 28.00 28.00 25.00 25.00 28.00 32.00 36.00 44.00 46.00 50.00 56.00 61.00 61.00 67.00 60.00 53.00 68.00 73.00 65.00 65.00
2018110700 TD2 269.96 270.36 268.31 266.88 266.17 266.08 264.95 265.48 266.08 266.86 267.52 268.73 269.88 269.89 270.57 271.54 271.26 271.58 270.37 269.45 271.30 272.08 270.59 270.88
2018110800 SPD10 1.03 1.69 1.93 1.13 1.34 2.34 1.88 1.96 2.13 1.10 1.19 0.93 1.16 0.44 0.75 2.17 1.70 2.06 1.02 0.70 0.83 0.39 0.73 0.90
2018110800 DIR10 336.00 356.00 350.00 59.00 133.00 154.00 204.00 196.00 184.00 201.00 198.00 229.00 179.00 125.00 357.00 5.00 4.00 355.00 327.00 316.00 281.00 277.00 273.00 352.00
2018110800 SLP 1014.90 1014.30 1013.80 1013.00 1011.90 1010.80 1010.00 1009.60 1009.60 1009.40 1009.60 1010.00 1010.00 1010.30 1010.50 1010.60 1010.70 1011.00 1011.50 1011.50 1011.50 1011.90 1012.60 1012.90
2018110800 T2 277.65 279.45 280.55 282.85 284.05 285.45 286.45 286.05 284.75 282.75 281.85 280.95 277.95 277.05 276.05 275.75 274.95 274.35 275.85 273.55 273.95 272.75 272.05 273.05
2018110800 RH2 67.00 59.00 49.00 39.00 35.00 31.00 31.00 36.00 38.00 49.00 53.00 58.00 70.00 74.00 78.00 83.00 84.00 83.00 73.00 83.00 79.00 86.00 89.00 84.00
2018110800 TD2 272.06 272.04 270.54 269.58 269.21 268.84 269.73 271.39 270.95 272.59 272.83 273.22 272.95 272.84 272.59 273.16 272.54 271.78 271.49 271.00 270.72 270.91 270.63 270.67
2018110900 SPD10 3.63 3.48 4.31 3.92 3.41 3.31 3.78 3.78 3.65 2.23 1.83 1.88 1.01 1.60 1.01 1.17 3.44 3.50 4.39 3.11 2.34 3.28 2.24 2.61
2018110900 DIR10 304.00 321.00 293.00 299.00 300.00 293.00 299.00 293.00 290.00 290.00 292.00 22.00 351.00 18.00 92.00 8.00 25.00 26.00 7.00 4.00 15.00 18.00 9.00 36.00
2018110900 SLP 1013.60 1014.60 1014.90 1014.90 1014.90 1014.30 1014.20 1014.60 1015.10 1015.70 1017.00 1018.20 1019.10 1019.70 1020.40 1021.00 1021.30 1022.00 1022.30 1022.60 1022.70 1022.60 1023.30 1023.90
2018110900 T2 283.45 285.15 286.55 287.45 288.55 288.65 289.45 288.65 287.65 285.95 284.45 281.65 280.05 278.05 279.75 275.25 276.95 278.35 277.95 276.55 276.15 275.85 274.15 277.05
2018110900 RH2 34.00 29.00 21.00 17.00 15.00 15.00 15.00 15.00 16.00 18.00 21.00 26.00 29.00 40.00 35.00 50.00 46.00 38.00 40.00 45.00 44.00 46.00 51.00 41.00
2018110900 TD2 268.29 267.69 264.67 262.72 262.04 262.12 262.78 262.12 262.11 262.19 262.88 263.20 263.19 265.55 265.35 265.88 266.36 265.15 265.46 265.71 265.04 265.35 265.11 264.95
2018111000 SPD10 2.66 3.24 3.41 2.01 1.76 1.56 1.74 1.53 1.34 1.18 0.41 0.48 0.40 1.18 0.77 0.88 0.78 0.42 0.37 1.00 0.55 0.31 0.46 0.93
2018111000 DIR10 24.00 9.00 27.00 17.00 167.00 140.00 193.00 208.00 200.00 210.00 93.00 335.00 345.00 3.00 360.00 9.00 330.00 264.00 125.00 329.00 163.00 360.00 14.00 299.00
2018111000 SLP 1024.80 1025.10 1024.90 1024.50 1023.60 1022.70 1022.00 1021.80 1021.40 1021.30 1021.50 1022.10 1022.40 1022.20 1022.00 1021.90 1021.50 1021.40 1021.00 1020.70 1020.50 1020.60 1020.40 1020.80
2018111000 T2 278.85 281.05 282.25 283.25 284.55 284.75 284.55 285.05 284.05 282.55 282.35 281.15 280.65 281.45 280.85 280.25 280.45 280.55 280.65 280.65 279.55 279.55 278.45 278.25
2018111000 RH2 35.00 33.00 26.00 23.00 19.00 18.00 19.00 20.00 22.00 28.00 31.00 35.00 39.00 33.00 39.00 43.00 45.00 46.00 46.00 46.00 49.00 51.00 60.00 60.00
2018111000 TD2 264.54 265.75 263.72 263.01 261.69 261.18 261.69 262.77 263.13 264.94 266.09 266.61 267.58 266.10 267.76 268.51 269.30 269.69 269.78 269.78 269.61 270.15 271.32 271.13
2018111100 SPD10 0.63 1.94 0.78 0.79 2.06 1.45 1.85 1.42 2.57 1.93 1.61 0.98 1.36 1.38 0.76 1.30 1.71 1.50 1.16 1.45 1.70 1.26 1.84 0.48
2018111100 DIR10 336.00 358.00 327.00 329.00 198.00 186.00 201.00 182.00 185.00 188.00 194.00 203.00 201.00 153.00 142.00 24.00 1.00 358.00 355.00 352.00 357.00 357.00 354.00 18.00
2018111100 SLP 1021.30 1021.40 1021.20 1020.80 1019.60 1018.60 1018.00 1017.80 1017.80 1017.70 1018.00 1018.50 1018.60 1018.80 1019.20 1019.10 1019.00 1019.00 1019.10 1018.90 1018.50 1018.50 1018.60 1019.00
2018111100 T2 279.15 282.25 284.15 286.05 286.55 287.85 287.95 287.65 287.15 285.45 283.85 280.05 279.35 282.05 278.25 277.35 276.25 274.85 274.95 274.45 274.85 274.65 273.65 274.45
2018111100 RH2 56.00 39.00 33.00 29.00 32.00 30.00 30.00 32.00 34.00 38.00 44.00 57.00 62.00 51.00 67.00 70.00 77.00 82.00 81.00 82.00 82.00 83.00 87.00 86.00
2018111100 TD2 271.04 269.04 268.52 268.48 270.24 270.52 270.61 271.22 271.60 271.59 272.13 272.13 272.62 272.49 272.64 272.37 272.61 272.11 272.04 271.71 272.11 272.08 271.74 272.37
2018111200 SPD10 0.86 1.93 1.38 1.16 1.55 2.56 2.88 3.40 3.29 1.70 1.83 0.81 1.61 1.07 1.31 1.21 0.89 1.26 0.94 1.75 1.63 1.55 1.07 1.22
2018111200 DIR10 11.00 17.00 80.00 78.00 154.00 163.00 191.00 165.00 183.00 188.00 189.00 190.00 187.00 34.00 33.00 23.00 14.00 352.00 359.00 24.00 348.00 349.00 344.00 350.00
2018111200 SLP 1019.60 1020.00 1019.60 1019.20 1018.30 1017.20 1016.60 1016.50 1016.40 1016.50 1016.70 1017.00 1017.00 1017.60 1017.70 1017.60 1017.70 1017.80 1017.70 1017.70 1017.60 1017.80 1018.00 1018.20
2018111200 T2 276.05 279.05 281.15 282.95 285.25 286.85 287.55 287.45 286.75 284.95 283.95 280.45 281.95 278.45 277.35 276.75 275.75 275.75 274.65 275.75 275.95 275.75 274.95 274.75
2018111200 RH2 82.00 69.00 60.00 52.00 47.00 42.00 39.00 41.00 43.00 51.00 56.00 68.00 65.00 81.00 87.00 89.00 90.00 90.00 89.00 79.00 88.00 89.00 91.00 92.00
2018111200 TD2 273.28 273.81 273.88 273.59 274.33 274.24 273.85 274.45 274.47 275.19 275.57 274.95 275.76 275.46 275.38 275.11 274.28 274.28 273.03 272.48 274.16 274.12 273.64 273.59
2018111300 SPD10 1.32 1.65 1.28 1.19 1.58 1.33 2.28 3.68 3.13 0.42 0.72 0.53 1.14 1.05 2.23 2.68 1.33 1.64 1.00 1.61 1.25 0.63 2.60 1.77
2018111300 DIR10 346.00 18.00 40.00 74.00 104.00 74.00 118.00 160.00 168.00 299.00 29.00 47.00 109.00 90.00 105.00 122.00 123.00 112.00 95.00 101.00 85.00 75.00 119.00 133.00
2018111300 SLP 1018.90 1019.30 1019.10 1018.90 1018.00 1017.10 1016.40 1016.30 1016.60 1016.60 1017.30 1017.70 1017.90 1018.40 1018.80 1018.70 1018.90 1018.80 1018.70 1018.30 1018.40 1018.50 1018.50 1019.00
2018111300 T2 275.95 278.15 280.35 281.85 282.85 283.75 284.85 285.15 284.65 282.25 282.65 282.65 283.65 279.65 281.05 281.75 280.95 280.75 278.65 279.35 279.35 278.75 279.55 279.75
2018111300 RH2 90.00 84.00 76.00 69.00 68.00 65.00 61.00 64.00 68.00 77.00 78.00 78.00 76.00 88.00 85.00 79.00 82.00 82.00 86.00 87.00 90.00 91.00 89.00 92.00
2018111300 TD2 274.48 275.68 276.42 276.51 277.26 277.48 277.63 278.60 278.99 278.45 279.03 279.03 279.63 277.81 278.70 278.33 278.08 277.89 276.50 277.36 277.84 277.40 277.88 278.55
2018111400 SPD10 1.85 2.21 1.93 1.81 1.93 1.93 0.86 2.36 2.00 1.95 1.76 0.78 0.70 1.22 0.49 1.42 0.86 0.69 0.30 0.74 0.79 1.18 1.73 0.86
2018111400 DIR10 124.00 132.00 127.00 101.00 184.00 184.00 160.00 139.00 204.00 197.00 189.00 341.00 201.00 203.00 9.00 106.00 38.00 5.00 356.00 351.00 340.00 352.00 347.00 332.00
2018111400 SLP -9999.00 1020.30 1020.20 1019.90 1019.20 1018.60 1018.00 1017.40 1017.60 1017.80 1018.30 1018.70 1019.40 1019.60 1020.40 1020.10 1020.10 1020.20 1020.30 1020.20 1020.00 1020.40 1020.70 1021.70
2018111400 T2 -9999.00 280.25 280.85 281.35 281.95 281.65 282.15 282.65 282.15 281.75 281.65 280.65 281.45 281.25 281.35 281.35 279.45 278.45 278.35 277.15 276.95 277.45 278.85 278.95
2018111400 RH2 -9999.00 92.00 90.00 86.00 84.00 85.00 83.00 80.00 82.00 84.00 82.00 84.00 81.00 81.00 83.00 82.00 89.00 91.00 93.00 94.00 95.00 95.00 94.00 90.00
2018111400 TD2 -9999.00 279.04 279.32 279.16 279.41 279.29 279.43 279.39 279.26 279.22 278.77 278.13 278.40 278.20 278.65 278.48 277.78 277.11 277.31 276.27 276.22 276.72 277.96 277.44
2018111500 SPD10 1.43 2.39 2.65 4.70 4.84 3.69 2.67 2.98 1.98 1.59 2.73 1.44 1.64 1.70 1.90 1.81 1.77 1.33 2.48 2.68 3.05 2.80 1.16 1.95
2018111500 DIR10 348.00 344.00 333.00 360.00 15.00 24.00 74.00 70.00 31.00 331.00 37.00 359.00 309.00 312.00 299.00 330.00 324.00 20.00 354.00 5.00 26.00 355.00 332.00 63.00
2018111500 SLP 1022.90 1023.60 1023.80 1023.50 1023.00 1022.80 1022.60 1022.80 1023.20 1023.80 1024.90 1026.20 1027.00 1027.80 1028.70 1029.00 1029.20 1029.40 1029.60 1029.40 1029.40 1029.50 1030.00 1030.10
2018111500 T2 279.25 281.95 282.35 282.45 282.55 283.65 283.95 283.45 283.15 282.35 280.85 280.45 279.45 278.95 278.45 276.95 276.35 273.85 273.65 273.65 272.55 273.25 271.25 272.85
2018111500 RH2 85.00 47.00 40.00 43.00 46.00 39.00 35.00 32.00 34.00 34.00 39.00 30.00 23.00 19.00 19.00 22.00 23.00 30.00 31.00 31.00 36.00 35.00 42.00 34.00
2018111500 TD2 276.93 271.28 269.47 270.53 271.54 270.31 269.12 267.48 268.02 267.30 267.76 263.98 259.74 256.95 256.53 257.03 257.06 258.12 258.35 258.35 260.58 259.49 261.11 260.21
2018111600 SPD10 2.78 3.56 3.86 2.47 3.86 3.74 2.40 2.92 1.35 1.24 1.22 0.86 0.70 0.48 1.00 1.08 1.95 0.79 1.53 2.73 1.31 0.98 1.28 0.95
2018111600 DIR10 33.00 6.00 3.00 34.00 327.00 332.00 328.00 326.00 306.00 295.00 18.00 250.00 10.00 11.00 330.00 359.00 360.00 338.00 344.00 5.00 357.00 329.00 356.00 330.00
2018111600 SLP 1030.70 1030.90 1030.30 1029.50 1028.00 1026.30 1025.20 1024.40 1024.10 1024.10 1024.60 1025.20 1024.90 1024.90 1024.90 1024.40 1024.00 1023.50 1023.50 1022.90 1022.90 1022.50 1022.60 1022.60
2018111600 T2 274.25 276.55 277.75 278.55 279.95 280.55 281.75 281.85 281.75 278.85 275.55 276.15 272.15 271.95 273.15 273.05 272.25 272.05 273.35 273.35 273.45 273.05 273.15 272.95
2018111600 RH2 30.00 27.00 21.00 20.00 15.00 13.00 13.00 12.00 12.00 15.00 24.00 29.00 46.00 49.00 44.00 42.00 45.00 47.00 47.00 48.00 47.00 48.00 48.00 51.00
2018111600 TD2 258.48 259.20 257.15 257.24 254.93 253.71 254.69 253.82 253.74 254.02 256.88 259.74 262.98 263.51 262.28 261.60 262.82 263.13 263.31 263.58 263.40 263.30 263.39 264.92
2018111700 SPD10 0.40 1.98 1.47 0.95 1.71 3.41 3.06 3.31 2.45 1.71 2.05 2.35 1.19 0.91 0.99 1.19 0.82 1.17 1.09 0.92 0.75 2.20 1.33 1.37
2018111700 DIR10 3.00 13.00 45.00 92.00 151.00 163.00 174.00 190.00 192.00 188.00 198.00 1.00 16.00 39.00 320.00 18.00 346.00 347.00 327.00 323.00 347.00 356.00 17.00 9.00
2018111700 SLP 1023.00 1023.00 1022.70 1021.80 1020.30 1019.00 1018.00 1017.50 1017.60 1017.70 1017.70 1018.30 1018.30 1018.90 1018.90 1018.80 1018.60 1018.60 1018.30 1018.40 1018.40 1018.10 1018.20 1018.40
2018111700 T2 273.75 275.55 277.55 279.35 282.05 283.75 284.45 284.35 282.65 280.05 279.45 276.95 275.35 275.05 274.95 273.75 273.15 272.95 273.05 272.45 272.15 273.15 272.45 269.55
2018111700 RH2 48.00 43.00 34.00 26.00 22.00 19.00 16.00 18.00 24.00 30.00 33.00 41.00 48.00 51.00 53.00 56.00 61.00 61.00 60.00 62.00 65.00 58.00 58.00 72.00
2018111700 TD2 263.95 264.20 263.00 261.19 261.42 261.02 259.45 260.84 263.04 263.62 264.32 264.86 265.44 265.95 266.36 265.95 266.50 267.01 266.19 266.72 266.99 265.84 265.94 265.67
2018111800 SPD10 1.68 1.36 3.04 2.25 3.65 4.45 3.98 3.97 4.67 3.15 1.57 1.67 1.28 1.14 0.96 0.84 1.25 0.43 0.97 1.18 3.65 1.45 1.77 1.70
2018111800 DIR10 7.00 301.00 290.00 304.00 288.00 290.00 285.00 284.00 289.00 283.00 281.00 318.00 311.00 4.00 19.00 332.00 350.00 336.00 248.00 317.00 23.00 23.00 349.00 353.00
2018111800 SLP 1019.40 1019.50 1019.20 1019.20 1018.10 1017.10 1016.70 1016.80 1016.90 1017.00 1017.70 1018.10 1018.30 1018.70 1019.40 1019.40 1019.80 1019.80 1020.00 1019.80 1019.50 1019.40 1019.40 1019.50
2018111800 T2 273.05 279.45 283.05 283.75 284.35 284.65 284.85 284.75 284.05 282.75 280.75 278.75 276.25 274.35 272.55 271.05 271.35 270.25 269.55 270.25 271.35 272.05 269.85 271.25
2018111800 RH2 67.00 33.00 15.00 14.00 13.00 13.00 12.00 12.00 12.00 14.00 17.00 21.00 27.00 34.00 38.00 49.00 47.00 54.00 56.00 58.00 55.00 52.00 62.00 56.00
2018111800 TD2 267.64 264.32 257.50 257.23 256.82 257.06 256.25 256.17 255.60 256.41 257.11 258.01 258.94 260.12 261.18 262.67 262.48 263.02 262.77 263.84 264.28 264.29 264.23 264.39
2018111900 SPD10 2.12 2.32 1.96 1.91 1.94 1.78 1.99 3.02 1.18 0.48 1.36 1.17 1.05 0.98 0.63 1.00 0.58 0.48 1.45 0.76 2.18 0.98 1.86 2.27
2018111900 DIR10 2.00 9.00 34.00 117.00 130.00 125.00 165.00 174.00 135.00 351.00 345.00 347.00 323.00 328.00 7.00 337.00 286.00 252.00 319.00 340.00 4.00 358.00 335.00 356.00
2018111900 SLP 1020.00 1020.20 1019.90 1019.50 1018.30 1016.70 1015.80 1015.10 1015.10 1014.90 1015.30 1015.80 1015.90 1016.60 1016.70 1016.80 1016.80 1016.80 1016.70 1016.90 1016.70 1017.10 1017.40 1018.00
2018111900 T2 273.05 275.35 278.05 280.05 281.15 282.25 283.35 283.05 282.55 278.35 277.65 276.55 274.25 273.25 272.85 273.55 271.75 271.05 271.15 271.15 271.95 272.75 272.65 272.55
2018111900 RH2 54.00 45.00 36.00 26.00 26.00 27.00 26.00 30.00 33.00 45.00 48.00 49.00 57.00 61.00 62.00 58.00 66.00 70.00 69.00 70.00 65.00 61.00 64.00 70.00
2018111900 TD2 264.82 264.60 264.18 261.80 262.76 264.20 264.68 266.28 267.09 267.37 267.57 266.82 266.65 266.60 267.10 266.22 266.78 266.79 266.72 266.89 266.79 266.81 267.28 268.25
2018112000 SPD10 1.21 1.75 1.82 0.80 1.65 1.37 2.15 2.57 2.84 2.13 1.77 0.27 1.61 1.33 2.97 3.13 2.58 1.35 1.46 1.13 0.74 1.55 1.74 2.32
2018112000 DIR10 339.00 360.00 33.00 72.00 81.00 320.00 31.00 76.00 108.00 116.00 109.00 244.00 360.00 39.00 60.00 118.00 106.00 113.00 21.00 45.00 338.00 329.00 331.00 324.00
2018112000 SLP 1019.10 1020.00 1020.10 1020.00 1019.20 1018.70 1018.30 1018.20 1018.80 1019.30 1020.30 1021.10 1021.60 1022.40 1023.30 1024.00 1024.60 1024.80 1025.10 1025.10 1025.00 1025.00 1025.00 1025.40
2018112000 T2 275.55 275.85 280.15 282.25 283.35 284.65 283.95 283.65 283.05 281.35 281.05 277.45 276.95 277.05 279.85 278.15 277.85 277.55 275.65 277.75 276.45 276.55 274.95 275.45
2018112000 RH2 62.00 61.00 36.00 25.00 23.00 18.00 20.00 20.00 20.00 23.00 24.00 34.00 37.00 38.00 26.00 50.00 63.00 65.00 72.00 61.00 67.00 28.00 27.00 22.00
2018112000 TD2 269.00 269.07 266.08 263.22 263.10 261.10 261.84 261.58 261.07 261.38 261.65 262.91 263.54 263.97 261.62 268.58 271.41 271.55 271.11 270.88 270.91 259.66 257.80 255.74
2018112100 SPD10 3.17 3.34 2.70 2.19 3.32 4.87 5.45 4.43 4.29 3.20 0.94 0.84 1.25 1.95 0.36 1.24 0.39 0.63 0.76 1.34 1.84 1.85 1.42 0.92
2018112100 DIR10 325.00 318.00 335.00 276.00 290.00 306.00 290.00 301.00 290.00 271.00 288.00 289.00 323.00 353.00 299.00 358.00 249.00 18.00 347.00 346.00 351.00 353.00 3.00 348.00
2018112100 SLP 1026.20 1026.60 1026.40 1025.90 1024.30 1022.60 1021.50 1020.90 1020.80 1021.00 1021.70 1022.20 1022.90 1023.50 1023.80 1023.80 1024.10 1024.00 1023.90 1023.90 1023.50 1023.70 1023.90 1024.40
2018112100 T2 276.55 277.95 278.95 279.75 280.95 281.75 281.75 282.35 281.65 280.55 278.45 275.35 274.55 273.35 270.85 270.55 269.95 268.65 268.15 268.35 267.45 270.35 269.35 267.95
2018112100 RH2 19.00 16.00 15.00 14.00 13.00 14.00 14.00 14.00 15.00 17.00 21.00 32.00 39.00 39.00 46.00 48.00 48.00 58.00 61.00 54.00 59.00 56.00 58.00 62.00
2018112100 TD2 254.91 254.04 254.10 253.94 254.04 255.58 255.58 256.08 256.34 256.94 257.75 260.26 262.03 260.94 261.77 261.97 261.40 262.32 262.41 261.22 261.36 263.53 262.98 262.40
2018112200 SPD10 1.19 3.00 3.17 3.48 3.00 1.04 2.70 1.64 3.61 2.55 1.99 1.83 1.98 0.95 0.98 1.35 0.95 1.79 1.24 1.23 1.34 1.43 1.56 1.89
2018112200 DIR10 10.00 7.00 16.00 44.00 56.00 8.00 194.00 210.00 181.00 187.00 188.00 166.00 182.00 12.00 1.00 38.00 72.00 42.00 11.00 23.00 11.00 360.00 2.00 1.00
2018112200 SLP 1025.10 1025.30 1025.20 1024.80 1023.60 1022.70 1021.60 1021.00 1020.80 1021.00 1021.30 1021.60 1021.70 1021.90 1021.80 1021.70 1021.60 1021.00 1021.00 1020.60 1020.00 1019.60 1019.10 1018.90
2018112200 T2 270.35 274.05 277.15 279.25 280.25 282.45 282.25 282.75 281.05 279.65 278.25 276.45 277.35 273.15 272.85 271.35 270.25 268.85 270.05 272.25 271.45 270.85 271.15 271.15
2018112200 RH2 63.00 43.00 30.00 22.00 18.00 15.00 15.00 16.00 18.00 20.00 22.00 27.00 27.00 37.00 36.00 42.00 48.00 57.00 53.00 47.00 51.00 53.00 54.00 55.00
2018112200 TD2 264.89 262.82 261.05 259.01 257.39 257.00 256.83 258.04 258.06 258.17 258.15 259.12 259.91 260.10 260.85 261.20 261.68 262.31 262.62 263.32 263.50 263.38 263.87 264.09
2018112300 SPD10 2.14 3.03 2.60 2.59 3.01 4.04 3.11 2.84 2.30 1.15 1.11 1.38 1.80 1.58 1.40 1.27 0.88 0.43 2.52 1.36 3.07 2.16 1.49 1.26
2018112300 DIR10 353.00 2.00 7.00 356.00 5.00 2.00 4.00 357.00 335.00 323.00 316.00 310.00 9.00 351.00 3.00 318.00 335.00 237.00 7.00 328.00 352.00 6.00 342.00 332.00
2018112300 SLP 1019.20 1019.00 1018.60 1017.70 1016.30 1015.30 1014.80 1014.90 1015.50 1016.30 1017.20 1017.90 1018.50 1019.00 1019.50 1019.60 1019.90 1020.10 1019.60 1020.10 1020.00 1020.40 1020.40 1020.50
2018112300 T2 271.95 273.55 274.95 276.25 277.15 277.55 278.25 279.35 279.15 277.85 275.15 273.45 272.35 274.05 273.65 272.35 270.85 269.75 269.45 270.05 272.65 269.45 270.95 270.55
2018112300 RH2 56.00 50.00 42.00 38.00 39.00 38.00 39.00 42.00 41.00 45.00 53.00 61.00 66.00 62.00 63.00 69.00 74.00 82.00 83.00 74.00 67.00 76.00 71.00 73.00
2018112300 TD2 265.05 264.29 263.34 263.25 264.40 264.43 265.40 267.38 266.87 266.91 266.54 266.79 267.36 267.57 267.40 267.88 267.25 267.39 267.24 266.47 267.82 266.20 266.86 266.80
2018112400 SPD10 3.37 2.22 0.78 1.32 2.14 2.16 1.93 2.17 2.33 1.71 1.49 0.66 0.60 0.80 1.32 1.03 1.89 0.91 1.98 1.40 1.01 0.81 1.73 1.18
2018112400 DIR10 2.00 16.00 227.00 274.00 231.00 196.00 194.00 195.00 183.00 203.00 185.00 342.00 16.00 31.00 17.00 19.00 360.00 26.00 3.00 351.00 332.00 318.00 348.00 334.00
2018112400 SLP 1021.40 1021.60 1021.80 1021.30 1020.20 1019.10 1018.10 1017.70 1017.50 1017.70 1018.20 1018.40 1018.30 1018.50 1018.50 1018.10 1018.00 1017.80 1017.90 1017.90 1017.60 1017.70 1017.70 1018.00
2018112400 T2 273.55 275.95 278.95 281.85 283.25 283.95 285.05 283.85 283.85 280.95 279.65 276.55 274.05 272.35 272.25 272.05 269.85 271.05 272.85 271.35 271.65 269.15 268.45 271.25
2018112400 RH2 66.00 54.00 38.00 22.00 26.00 28.00 23.00 29.00 28.00 35.00 39.00 47.00 57.00 66.00 68.00 69.00 76.00 74.00 65.00 69.00 68.00 78.00 78.00 71.00
2018112400 TD2 267.92 267.54 265.70 261.25 264.59 266.17 264.57 266.54 266.08 266.43 266.67 266.27 266.46 267.36 267.61 267.59 266.59 267.45 267.66 266.92 267.03 266.21 265.53 267.15
2018112500 SPD10 2.56 2.35 1.38 1.44 1.06 1.31 1.25 2.44 3.16 1.91 0.99 0.42 0.57 1.22 0.99 0.85 0.76 2.19 1.57 1.15 1.08 1.24 0.54 1.51
2018112500 DIR10 4.00 25.00 56.00 81.00 100.00 54.00 112.00 166.00 176.00 198.00 213.00 104.00 83.00 84.00 114.00 93.00 132.00 123.00 117.00 19.00 337.00 343.00 130.00 13.00
2018112500 SLP 1018.50 1018.70 1018.60 1018.10 1017.30 1016.70 1016.30 1015.70 1016.00 1015.80 1016.20 1016.60 1017.30 1017.30 1017.00 1016.80 1016.90 1016.40 1016.30 1016.10 1015.70 1015.80 1015.20 1015.40
2018112500 T2 271.75 275.85 278.95 282.05 284.65 285.75 286.95 286.95 285.35 283.05 279.05 275.45 276.45 276.25 276.35 275.25 272.85 273.95 272.75 271.65 271.25 270.65 269.75 270.95
2018112500 RH2 71.00 52.00 41.00 32.00 22.00 19.00 19.00 20.00 22.00 27.00 37.00 46.00 46.00 49.00 54.00 59.00 73.00 72.00 69.00 74.00 75.00 80.00 81.00 85.00
2018112500 TD2 267.64 266.95 266.69 266.24 263.65 262.71 263.72 264.38 264.25 264.91 265.44 264.98 265.90 266.54 267.92 268.06 269.04 269.47 268.27 268.03 267.80 267.98 267.24 269.00
2018112600 SPD10 0.76 0.45 0.83 1.50 1.20 1.67 1.22 1.33 0.89 0.48 1.80 1.36 0.85 0.79 0.77 1.06 1.27 1.49 0.27 3.51 3.81 3.67 2.31 1.96
2018112600 DIR10 349.00 340.00 8.00 55.00 93.00 51.00 31.00 49.00 360.00 317.00 21.00 355.00 129.00 309.00 249.00 342.00 344.00 42.00 23.00 304.00 310.00 310.00 287.00 275.00
2018112600 SLP 1015.80 1016.10 1016.20 1015.80 1015.10 1014.40 1013.80 1013.50 1013.80 1014.60 1015.00 1015.50 1015.60 1016.80 1018.00 1018.40 1019.20 1019.90 1020.50 1020.70 1021.20 1022.10 1022.80 1023.50
2018112600 T2 271.65 274.95 278.45 278.75 279.85 280.75 281.65 282.35 282.05 278.85 276.25 276.35 277.65 276.05 275.15 275.05 276.55 276.35 275.55 280.35 279.75 279.35 278.25 277.95
2018112600 RH2 81.00 73.00 65.00 68.00 66.00 60.00 56.00 53.00 52.00 64.00 75.00 75.00 72.00 72.00 78.00 80.00 73.00 71.00 69.00 19.00 16.00 14.00 16.00 15.00
2018112600 TD2 269.11 270.62 272.41 273.32 273.96 273.50 273.40 273.30 272.75 272.58 272.25 272.35 273.05 271.50 271.72 271.97 272.17 271.60 270.44 258.14 255.54 253.61 254.29 253.27
2018112700 SPD10 2.75 2.35 3.43 4.69 4.11 2.78 3.25 5.68 1.83 1.34 0.94 0.41 2.02 1.90 1.54 2.05 1.86 1.44 1.13 1.17 1.95 1.33 1.45 2.03
2018112700 DIR10 296.00 316.00 342.00 347.00 345.00 334.00 307.00 348.00 289.00 307.00 285.00 26.00 127.00 132.00 31.00 37.00 15.00 17.00 25.00 348.00 19.00 22.00 15.00 356.00
2018112700 SLP 1024.30 1024.80 1024.90 1024.80 1023.30 1022.50 1021.80 1021.00 1021.00 1021.10 1021.40 1021.60 1021.90 1021.90 1022.00 1022.00 1021.90 1021.90 1021.60 1021.50 1021.00 1020.80 1020.80 1020.70
2018112700 T2 278.25 279.05 280.85 281.35 282.25 283.05 283.25 283.25 282.85 279.75 276.95 273.55 278.95 275.95 273.85 273.15 271.95 271.15 270.45 269.95 269.75 270.15 268.75 270.55
2018112700 RH2 15.00 15.00 12.00 10.00 9.00 9.00 8.00 8.00 10.00 14.00 21.00 28.00 15.00 20.00 28.00 29.00 35.00 40.00 44.00 49.00 50.00 46.00 55.00 47.00
2018112700 TD2 253.52 254.18 253.01 251.27 250.75 251.38 250.17 250.17 252.46 253.94 256.46 257.01 254.10 255.02 257.27 257.08 259.71 260.47 260.89 261.64 261.68 261.11 261.81 261.73
2018112800 SPD10 2.35 1.88 1.64 1.13 1.05 0.74 1.18 0.93 1.51 0.73 1.17 0.62 1.42 1.99 1.25 0.74 1.40 1.34 1.55 1.24 1.54 1.02 0.37 1.68
2018112800 DIR10 5.00 3.00 1.00 32.00 31.00 146.00 84.00 49.00 12.00 238.00 352.00 333.00 356.00 355.00 348.00 308.00 293.00 329.00 317.00 313.00 338.00 10.00 20.00 28.00
2018112800 SLP 1021.00 1021.50 1021.50 1021.10 1020.00 1018.90 1018.50 1018.70 1019.00 1019.40 1020.30 1021.00 1021.60 1022.30 1022.60 1023.20 1023.50 1023.40 1024.10 1024.60 1024.90 1025.20 1025.40 1026.10
2018112800 T2 270.35 272.95 275.75 277.85 279.35 280.45 280.45 280.45 279.55 276.85 274.85 272.75 271.55 270.85 272.25 270.75 269.75 270.75 270.85 269.75 267.85 270.65 268.65 267.35
2018112800 RH2 49.00 42.00 33.00 27.00 27.00 25.00 24.00 23.00 26.00 32.00 37.00 45.00 50.00 55.00 46.00 51.00 58.00 53.00 54.00 58.00 61.00 54.00 60.00 61.00
2018112800 TD2 262.01 262.69 261.00 260.35 261.66 261.65 261.13 260.60 261.36 261.60 261.64 263.29 263.37 263.80 263.07 262.84 263.36 263.28 263.59 263.36 262.12 263.40 262.70 261.64
2018112900 SPD10 1.34 0.87 0.66 1.86 2.24 3.36 3.76 3.96 3.49 2.66 3.15 2.05 2.40 1.58 2.22 0.82 0.93 1.01 1.34 1.80 1.24 0.63 1.01 1.13
2018112900 DIR10 340.00 10.00 65.00 145.00 180.00 174.00 171.00 176.00 180.00 184.00 170.00 146.00 172.00 118.00 113.00 113.00 114.00 56.00 348.00 21.00 31.00 314.00 344.00 304.00
2018112900 SLP 1026.60 1027.20 1027.40 1026.90 1026.20 1025.30 1024.50 1024.10 1024.10 1024.20 1024.50 1024.60 1024.80 1024.80 1024.60 1024.20 1023.90 1023.70 1023.50 1023.10 1022.60 1022.70 1022.60 1022.80
2018112900 T2 269.35 274.15 276.95 279.25 279.75 280.65 280.75 280.25 279.05 277.45 276.55 276.65 274.65 275.75 275.15 272.25 271.75 271.15 271.65 271.55 271.05 270.15 268.45 268.95
2018112900 RH2 61.00 43.00 32.00 36.00 29.00 29.00 34.00 37.00 40.00 41.00 42.00 42.00 47.00 43.00 46.00 58.00 55.00 56.00 59.00 66.00 64.00 65.00 72.00 75.00
2018112900 TD2 263.56 262.91 261.69 265.26 262.92 263.72 265.87 266.52 266.46 265.32 264.81 264.90 264.51 264.38 264.70 265.75 264.66 264.29 265.37 266.59 265.75 265.06 264.60 265.56
2018113000 SPD10 0.56 0.85 0.71 1.11 1.00 0.94 1.53 1.09 0.94 0.66 1.30 0.52 1.21 1.94 0.73 2.59 0.93 1.28 1.74 1.63 1.54 1.57 2.63 0.30
2018113000 DIR10 324.00 280.00 218.00 55.00 8.00 98.00 117.00 23.00 185.00 77.00 24.00 31.00 10.00 353.00 250.00 355.00 278.00 12.00 357.00 359.00 42.00 355.00 5.00 50.00
2018113000 SLP 1023.00 1022.90 1022.90 1022.30 1021.50 1020.70 1019.90 1019.90 1019.90 1020.20 1020.80 1021.40 1022.00 1022.60 1023.20 1023.20 1023.70 1023.70 1024.00 1023.80 1023.30 1023.00 1022.90 1023.40
2018113000 T2 269.75 273.05 276.25 277.55 279.65 281.15 281.15 281.75 280.75 277.95 275.25 272.95 271.35 270.55 272.65 271.55 271.25 269.35 270.05 270.15 270.85 270.55 270.95 270.15
2018113000 RH2 74.00 63.00 49.00 44.00 39.00 34.00 34.00 34.00 36.00 43.00 54.00 60.00 67.00 73.00 63.00 72.00 72.00 78.00 76.00 76.00 77.00 73.00 73.00 75.00
2018113000 TD2 266.18 266.83 266.54 266.33 266.67 266.23 266.23 266.76 266.62 266.40 266.88 266.81 266.57 266.80 267.10 267.61 267.32 266.41 266.79 266.88 267.72 266.80 267.19 266.73
2018120100 SPD10 0.80 0.74 1.67 1.19 2.12 1.62 1.50 2.40 2.76 2.34 2.11 1.42 2.21 1.95 0.89 1.33 1.33 1.07 1.35 1.14 1.02 0.67 0.84 1.45
2018120100 DIR10 311.00 4.00 7.00 83.00 116.00 83.00 89.00 104.00 101.00 87.00 112.00 114.00 176.00 149.00 95.00 2.00 16.00 321.00 5.00 75.00 15.00 38.00 24.00 50.00
2018120100 SLP 1023.60 1024.10 1024.10 1023.60 1022.60 1021.50 1020.50 1020.00 1019.40 1018.90 1019.30 1019.40 1019.50 1018.80 1018.40 1018.00 1017.20 1016.70 1016.10 1014.90 1014.40 1013.70 1013.40 1013.30
2018120100 T2 269.55 273.25 275.65 277.35 279.35 280.05 280.25 280.05 279.75 278.45 277.85 278.45 279.05 279.35 278.65 277.55 277.25 277.65 277.35 277.55 277.35 276.95 276.95 277.55
2018120100 RH2 77.00 69.00 54.00 52.00 50.00 52.00 53.00 54.00 56.00 61.00 65.00 65.00 63.00 64.00 67.00 68.00 70.00 69.00 76.00 77.00 81.00 88.00 88.00 85.00
2018120100 TD2 266.45 268.22 267.26 268.36 269.70 270.88 271.33 271.39 271.61 271.54 271.84 272.41 272.56 273.06 273.02 272.17 272.27 272.46 273.50 273.88 274.39 275.15 275.15 275.26
2018120200 SPD10 1.11 0.99 1.08 0.50 1.39 0.93 1.33 1.31 1.10 0.56 1.16 1.36 1.21 1.18 1.53 0.47 0.88 1.61 2.31 3.05 4.07 3.81 3.37 2.55
2018120200 DIR10 10.00 349.00 338.00 339.00 358.00 5.00 357.00 330.00 12.00 310.00 24.00 323.00 317.00 302.00 301.00 279.00 349.00 335.00 313.00 329.00 324.00 316.00 330.00 337.00
2018120200 SLP 1013.70 1013.70 1014.00 1013.50 1012.80 1012.10 1011.90 1012.40 1012.50 1012.40 1012.90 1013.10 1013.80 1014.40 1015.10 1015.60 1015.50 1015.60 1016.30 1016.40 1016.60 1017.60 1018.00 1019.00
2018120200 T2 277.35 277.25 277.75 278.15 278.65 278.85 279.15 279.55 279.45 279.15 278.45 277.25 276.45 275.25 277.15 274.95 274.55 275.55 276.85 278.65 279.55 279.05 278.65 277.95
2018120200 RH2 87.00 90.00 90.00 88.00 84.00 82.00 80.00 79.00 80.00 81.00 84.00 87.00 90.00 92.00 92.00 92.00 95.00 93.00 91.00 27.00 15.00 14.00 14.00 16.00
2018120200 TD2 275.38 275.76 276.26 276.33 276.17 276.03 275.97 276.19 276.27 276.15 275.97 275.29 274.97 274.09 275.97 273.79 273.84 274.54 275.52 261.05 254.60 253.36 253.03 254.04
2018120300 SPD10 4.22 4.32 3.65 4.13 3.36 3.10 2.12 3.34 3.45 1.94 1.68 2.03 3.08 2.58 2.79 3.71 3.35 3.17 3.28 3.63 4.11 0.58 1.78 1.71
2018120300 DIR10 29.00 12.00 340.00 355.00 42.00 5.00 316.00 53.00 47.00 38.00 356.00 357.00 31.00 38.00 34.00 44.00 15.00 18.00 27.00 32.00 32.00 47.00 309.00 302.00
2018120300 SLP 1019.70 1020.70 1021.70 1021.80 1021.90 1021.50 1020.60 1020.50 1021.10 1022.20 1022.70 1023.50 1023.80 1024.30 1024.80 1024.80 1024.90 1025.30 1025.60 1025.90 1025.70 1026.10 1026.70 1027.20
2018120300 T2 277.25 277.55 278.75 279.95 280.05 280.75 280.65 279.65 278.45 276.95 275.75 276.25 276.05 275.55 274.95 275.05 272.75 272.65 273.05 273.05 272.45 270.25 270.65 272.05
2018120300 RH2 20.00 19.00 12.00 11.00 13.00 11.00 10.00 13.00 14.00 17.00 19.00 19.00 20.00 20.00 22.00 21.00 29.00 27.00 22.00 22.00 23.00 27.00 29.00 24.00
2018120300 TD2 256.13 255.76 251.30 251.26 253.30 251.90 250.71 252.98 252.87 253.92 254.23 254.66 255.10 254.68 255.31 254.83 258.36 257.48 253.67 253.67 255.56 255.34 256.47 255.67
2018120400 SPD10 2.45 3.18 3.57 3.61 2.77 3.75 4.75 3.99 3.99 3.10 1.42 2.00 2.21 0.65 0.53 1.28 1.54 2.37 0.79 0.73 1.49 2.23 1.93 0.95
2018120400 DIR10 320.00 317.00 313.00 334.00 307.00 275.00 276.00 279.00 279.00 291.00 294.00 312.00 16.00 238.00 310.00 22.00 23.00 358.00 349.00 337.00 360.00 8.00 32.00 345.00
2018120400 SLP 1027.70 1028.50 1028.30 1027.90 1027.30 1026.50 1026.00 1026.10 1026.20 1026.20 1026.70 1026.80 1027.60 1028.10 1028.10 1028.10 1027.50 1027.40 1027.60 1027.90 1027.20 1027.00 1026.30 1026.70
2018120400 T2 272.65 274.35 275.35 276.25 276.95 276.55 276.15 276.75 275.85 274.95 273.85 272.85 270.15 269.45 267.55 266.85 266.65 266.65 267.85 265.25 264.05 266.55 267.55 268.75
2018120400 RH2 22.00 21.00 16.00 16.00 15.00 14.00 12.00 12.00 13.00 13.00 15.00 17.00 24.00 28.00 37.00 39.00 39.00 43.00 45.00 53.00 63.00 59.00 58.00 48.00
2018120400 TD2 255.26 254.23 251.86 252.61 252.44 251.30 249.19 249.67 249.86 249.12 249.86 252.69 253.99 255.02 256.30 256.23 256.04 257.10 258.72 258.08 258.84 260.50 261.27 260.28
2018120500 SPD10 1.80 2.45 1.70 1.29 1.94 1.85 1.46 0.83 2.57 1.16 2.20 1.50 1.98 1.03 1.39 1.64 1.65 1.32 2.46 3.43 4.40 3.97 2.35 4.57
2018120500 DIR10 1.00 7.00 24.00 83.00 79.00 125.00 83.00 212.00 132.00 297.00 45.00 23.00 319.00 299.00 317.00 329.00 11.00 318.00 317.00 319.00 320.00 330.00 335.00 324.00
2018120500 SLP 1027.00 1027.10 1027.00 1026.40 1025.10 1023.80 1022.80 1022.40 1022.10 1023.00 1022.90 1023.20 1023.90 1024.30 1024.60 1024.90 1025.10 1025.20 1026.30 1027.00 1027.40 1028.20 1028.90 1029.60
2018120500 T2 268.25 269.25 270.35 271.85 272.95 273.55 274.35 275.05 274.75 274.35 272.55 271.65 272.05 271.95 269.95 269.65 268.85 268.85 271.05 271.75 270.95 270.15 268.95 268.25
2018120500 RH2 54.00 51.00 44.00 36.00 35.00 33.00 32.00 31.00 33.00 35.00 35.00 39.00 38.00 39.00 48.00 49.00 56.00 53.00 41.00 27.00 21.00 19.00 18.00 18.00
2018120500 TD2 261.13 261.43 260.80 259.94 260.63 259.03 259.37 259.60 260.11 260.48 260.26 260.65 260.73 260.92 261.40 261.35 262.11 261.49 260.66 256.68 253.28 251.53 249.93 249.32
2018120600 SPD10 4.33 4.95 5.11 5.44 7.17 5.74 5.55 4.92 5.41 3.78 2.83 2.68 1.77 3.71 3.14 2.96 3.27 2.87 2.65 1.81 2.26 1.87 2.99 2.18
2018120600 DIR10 360.00 324.00 330.00 326.00 332.00 329.00 337.00 332.00 330.00 332.00 344.00 352.00 355.00 338.00 339.00 341.00 349.00 349.00 333.00 331.00 302.00 303.00 318.00 317.00
2018120600 SLP 1031.30 1032.60 1033.10 1032.90 1032.30 1031.80 1031.80 1031.90 1032.30 1032.90 1033.50 1034.50 1035.00 1035.50 1035.90 1036.00 1036.00 1036.10 1036.40 1036.80 1036.80 1037.10 1037.60 1038.20
2018120600 T2 267.65 268.45 268.95 269.55 269.75 270.65 270.75 270.95 269.85 268.75 267.75 266.85 264.95 266.65 266.35 265.75 265.25 264.85 264.85 264.45 264.35 263.75 263.35 262.55
2018120600 RH2 18.00 14.00 13.00 12.00 9.00 9.00 8.00 8.00 9.00 10.00 12.00 13.00 17.00 13.00 13.00 15.00 16.00 17.00 17.00 18.00 20.00 22.00 19.00 18.00
2018120600 TD2 248.81 246.94 246.62 246.32 243.64 244.37 243.30 243.46 243.72 243.85 244.82 244.85 245.90 244.68 244.43 245.34 245.55 245.81 245.81 246.04 247.01 247.44 245.62 244.39
2018120700 SPD10 2.36 3.28 3.84 5.86 4.23 4.60 5.21 4.74 4.63 3.97 2.68 2.00 1.41 1.20 1.51 3.22 3.88 3.53 2.48 2.63 1.59 1.79 1.14 1.79
2018120700 DIR10 319.00 302.00 294.00 282.00 304.00 280.00 284.00 295.00 292.00 283.00 291.00 311.00 307.00 323.00 300.00 293.00 297.00 299.00 303.00 303.00 348.00 333.00 322.00 318.00
2018120700 SLP 1038.80 1039.30 1039.70 1039.20 1038.10 1036.90 1035.80 1035.20 1034.80 1034.80 1034.90 1035.30 1035.60 1035.90 1036.20 1036.70 1037.10 1037.30 1037.30 1036.90 1036.50 1036.30 1036.50 1037.10
2018120700 T2 263.05 263.95 264.65 264.65 266.25 266.35 266.75 266.85 266.85 266.45 266.15 265.55 264.95 263.95 264.55 265.25 264.85 264.45 263.75 263.55 261.85 262.35 260.85 262.25
2018120700 RH2 18.00 16.00 14.00 13.00 12.00 12.00 12.00 12.00 13.00 14.00 15.00 17.00 18.00 19.00 17.00 17.00 17.00 17.00 19.00 19.00 23.00 22.00 26.00 22.00
2018120700 TD2 244.83 244.44 243.72 243.00 243.56 243.65 243.98 244.06 244.85 245.25 245.68 246.42 246.47 246.15 245.56 246.16 245.81 245.47 245.97 245.80 246.21 246.21 246.55 246.12
2018120800 SPD10 1.85 3.66 4.42 4.87 4.49 4.27 4.44 4.94 2.89 1.61 0.69 0.81 0.94 1.00 0.85 0.68 1.24 0.77 1.23 1.12 0.33 1.06 1.56 2.00
2018120800 DIR10 331.00 331.00 316.00 312.00 292.00 304.00 289.00 291.00 288.00 297.00 292.00 307.00 299.00 59.00 4.00 60.00 77.00 29.00 1.00 2.00 320.00 314.00 341.00 355.00
2018120800 SLP 1037.90 1038.00 1038.10 1037.40 1036.50 1035.50 1034.60 1034.30 1034.40 1034.30 1034.50 1034.40 1034.50 1034.70 1034.90 1035.00 1034.80 1034.70 1034.60 1034.10 1033.50 1033.00 1033.00 1033.10
2018120800 T2 263.45 265.15 266.25 267.35 268.45 269.35 270.25 270.55 270.15 268.95 267.35 263.35 262.15 262.65 262.15 261.05 262.05 259.55 261.25 260.55 260.25 260.55 260.45 261.55
2018120800 RH2 22.00 18.00 16.00 15.00 14.00 13.00 12.00 11.00 12.00 13.00 16.00 24.00 33.00 31.00 32.00 39.00 37.00 48.00 45.00 52.00 54.00 61.00 58.00 54.00
2018120800 TD2 247.18 246.64 246.41 246.70 246.94 246.96 246.90 246.28 246.82 246.62 247.35 247.97 250.15 249.96 249.84 250.87 251.25 251.64 252.56 253.42 253.54 255.13 254.49 254.77
2018120900 SPD10 1.97 1.98 2.83 2.60 1.38 1.56 0.97 1.05 1.46 1.64 1.26 1.90 1.18 0.63 1.17 1.31 1.42 1.73 1.38 1.74 1.76 1.37 0.81 1.15
2018120900 DIR10 28.00 356.00 9.00 26.00 63.00 100.00 102.00 165.00 49.00 44.00 350.00 35.00 13.00 50.00 24.00 347.00 19.00 12.00 360.00 346.00 348.00 334.00 326.00 339.00
2018120900 SLP 1033.30 1034.00 1034.00 1033.50 1032.40 1031.10 1030.40 1030.10 1029.80 1029.90 1030.20 1030.50 1030.70 1031.00 1031.10 1031.60 1031.40 1031.40 1031.30 1031.50 1031.40 1031.30 1031.30 1031.80
2018120900 T2 262.35 264.35 265.65 268.75 270.25 270.95 271.35 271.35 271.65 269.75 268.25 265.55 266.25 264.15 263.35 263.45 262.75 264.15 262.65 264.05 264.15 262.65 261.45 261.45
2018120900 RH2 55.00 49.00 40.00 29.00 18.00 16.00 18.00 17.00 18.00 22.00 25.00 33.00 32.00 40.00 45.00 44.00 48.00 41.00 45.00 41.00 44.00 50.00 51.00 52.00
2018120900 TD2 255.73 256.37 255.39 254.76 251.05 250.43 252.00 251.40 252.26 252.72 252.74 253.25 253.56 254.01 254.52 254.37 254.65 254.27 253.86 254.18 255.02 254.99 254.07 254.28
2018121000 SPD10 1.55 2.62 2.86 3.49 1.70 1.07 0.96 2.25 1.81 0.50 0.93 1.09 1.17 1.44 1.42 1.16 1.17 0.84 1.76 0.85 1.26 3.06 3.98 5.30
2018121000 DIR10 350.00 359.00 17.00 11.00 46.00 40.00 100.00 176.00 184.00 243.00 38.00 4.00 27.00 345.00 343.00 347.00 334.00 324.00 345.00 307.00 343.00 322.00 304.00 304.00
2018121000 SLP 1032.30 1033.10 1033.30 1032.90 1032.00 1030.80 1030.20 1030.10 1030.20 1030.10 1030.40 1030.80 1030.80 1031.00 1031.40 1031.90 1032.00 1032.00 1032.10 1032.00 1031.80 1031.90 1032.20 1033.30
2018121000 T2 263.05 265.85 268.05 270.15 271.05 272.65 272.65 273.05 271.55 270.15 267.45 266.05 267.75 267.75 268.65 268.35 268.85 268.95 269.05 269.25 268.85 270.45 269.15 268.05
2018121000 RH2 51.00 48.00 39.00 28.00 26.00 23.00 22.00 22.00 25.00 30.00 35.00 42.00 37.00 38.00 35.00 40.00 35.00 35.00 35.00 35.00 37.00 20.00 17.00 14.00
2018121000 TD2 255.58 257.56 257.33 255.64 255.65 255.74 255.26 253.67 255.67 256.39 255.61 256.29 256.48 256.77 256.70 257.89 256.89 256.98 257.07 257.25 257.49 252.33 249.51 246.60
2018121100 SPD10 4.58 5.33 6.63 6.77 5.05 4.83 4.55 4.43 3.82 2.44 3.09 2.81 2.32 2.09 2.96 2.33 2.94 2.62 1.49 0.97 0.44 0.88 0.85 1.03
2018121100 DIR10 298.00 300.00 298.00 300.00 306.00 312.00 310.00 299.00 289.00 285.00 304.00 295.00 317.00 333.00 332.00 325.00 340.00 318.00 321.00 22.00 329.00 21.00 35.00 27.00
2018121100 SLP 1034.10 1034.60 1035.40 1035.20 1034.20 1033.40 1032.60 1032.50 1032.50 1032.30 1032.50 1033.10 1033.30 1033.60 1033.50 1033.50 1033.20 1033.00 1033.00 1032.80 1032.50 1031.50 1031.40 1031.20
2018121100 T2 267.25 267.75 268.15 269.05 270.35 270.95 271.45 271.85 271.25 270.45 269.95 270.05 269.45 269.95 269.65 269.15 268.65 268.65 267.45 262.85 260.85 259.95 260.55 260.95
2018121100 RH2 16.00 16.00 15.00 14.00 13.00 12.00 12.00 12.00 14.00 15.00 17.00 16.00 16.00 14.00 15.00 16.00 17.00 18.00 21.00 30.00 39.00 45.00 44.00 47.00
2018121100 TD2 247.27 247.69 247.38 247.45 247.80 247.49 247.91 248.24 249.31 249.34 250.20 249.66 249.15 248.21 248.66 248.89 249.08 249.67 250.22 249.81 250.69 251.34 251.67 252.73
2018121200 SPD10 1.10 0.66 0.66 0.85 1.67 2.35 2.47 2.20 2.36 2.59 1.63 1.85 1.67 1.77 2.41 1.04 3.99 2.54 2.10 2.93 2.54 2.82 1.58 2.08
2018121200 DIR10 358.00 354.00 48.00 150.00 208.00 192.00 213.00 226.00 213.00 224.00 217.00 238.00 264.00 17.00 356.00 337.00 345.00 337.00 299.00 306.00 304.00 302.00 5.00 306.00
2018121200 SLP -9999.00 1031.30 1031.00 1029.80 1028.30 1026.70 1025.50 1025.00 1024.70 1024.50 1024.90 1025.30 1025.40 1026.30 1027.20 1027.60 1027.90 1028.70 1029.10 1029.70 1030.10 1030.20 1030.80 1031.40
2018121200 T2 -9999.00 267.75 270.45 272.05 273.75 274.95 275.55 276.25 275.05 273.35 272.25 271.35 270.75 269.25 267.25 267.35 273.35 271.75 271.25 272.15 270.85 270.85 270.05 270.35
2018121200 RH2 -9999.00 33.00 25.00 21.00 15.00 16.00 14.00 12.00 12.00 15.00 19.00 21.00 22.00 26.00 32.00 38.00 20.00 23.00 24.00 20.00 23.00 23.00 24.00 23.00
2018121200 TD2 -9999.00 255.25 254.69 254.24 249.78 251.53 250.47 249.27 248.29 249.44 253.35 253.63 253.60 254.05 254.46 256.41 252.80 254.95 254.96 253.81 254.16 254.16 253.90 253.72
2018121300 SPD10 3.20 1.74 3.09 3.84 4.64 5.38 2.88 3.69 2.78 1.19 1.68 0.73 0.36 0.71 1.61 1.37 1.60 0.54 1.79 1.79 1.11 1.17 1.63 2.08
2018121300 DIR10 322.00 335.00 316.00 333.00 344.00 352.00 315.00 71.00 91.00 87.00 111.00 58.00 86.00 91.00 17.00 2.00 358.00 8.00 360.00 7.00 12.00 339.00 357.00 2.00
2018121300 SLP 1032.30 1033.30 1033.60 1033.50 1032.60 1031.60 1031.00 1031.00 1031.30 1031.80 1032.40 1032.80 1033.20 1033.60 1034.20 1034.30 1034.40 1034.30 1034.50 1034.70 1034.50 1034.10 1034.10 1034.20
2018121300 T2 271.15 273.15 274.55 275.55 276.65 277.15 277.85 276.65 275.95 273.95 270.65 268.35 266.45 266.05 264.65 265.15 265.05 265.75 263.45 264.55 264.15 264.85 265.25 264.45
2018121300 RH2 21.00 19.00 18.00 17.00 15.00 14.00 13.00 15.00 16.00 18.00 24.00 29.00 37.00 40.00 45.00 44.00 47.00 48.00 53.00 50.00 54.00 53.00 51.00 53.00
2018121300 TD2 253.45 252.02 252.57 252.74 252.19 251.79 251.50 252.19 252.36 252.07 254.43 254.40 255.29 255.76 255.73 255.96 256.58 257.46 256.37 256.78 257.24 257.70 257.66 257.32
2018121400 SPD10 1.77 1.57 1.50 0.98 0.83 1.53 1.34 1.37 2.01 2.04 1.42 1.30 1.49 1.51 1.35 1.25 0.44 0.97 1.41 1.39 0.92 1.05 0.70 1.59
2018121400 DIR10 14.00 352.00 7.00 80.00 93.00 132.00 124.00 20.00 344.00 21.00 28.00 40.00 45.00 5.00 346.00 36.00 223.00 342.00 351.00 328.00 333.00 334.00 300.00 3.00
2018121400 SLP 1034.40 1034.90 1035.00 1034.40 1033.30 1032.10 1031.30 1030.80 1030.50 1030.40 1030.70 1030.40 1030.60 1030.30 1030.40 1030.00 1029.50 1029.00 1028.80 1028.30 1027.20 1026.70 1026.40 1026.50
2018121400 T2 264.75 267.35 269.35 271.05 272.45 273.65 274.35 275.05 274.45 270.95 270.45 269.95 267.65 266.35 267.05 265.65 266.45 264.95 263.85 262.75 263.05 262.55 262.05 262.25
2018121400 RH2 53.00 47.00 39.00 34.00 30.00 27.00 27.00 25.00 26.00 34.00 36.00 37.00 44.00 49.00 46.00 53.00 51.00 59.00 62.00 67.00 65.00 65.00 68.00 69.00
2018121400 TD2 257.61 258.73 258.53 258.57 258.46 256.65 257.27 256.94 256.90 258.48 258.66 258.50 258.28 258.25 258.21 258.46 258.79 258.98 258.47 258.27 258.22 257.74 257.75 258.11
2018121500 SPD10 1.38 2.51 1.09 2.51 1.65 0.79 0.87 2.01 0.47 0.63 0.31 0.88 0.86 1.36 0.88 0.70 0.64 1.23 1.31 0.62 0.95 1.47 0.65 1.44
2018121500 DIR10 343.00 3.00 19.00 11.00 24.00 70.00 97.00 151.00 224.00 310.00 319.00 27.00 57.00 40.00 334.00 282.00 16.00 350.00 314.00 3.00 357.00 348.00 330.00 342.00
2018121500 SLP 1026.20 1026.40 1026.20 1025.30 1024.00 1022.70 1021.70 1021.00 1020.90 1020.90 1021.10 1021.30 1021.10 1020.80 1020.80 1020.70 1020.30 1019.30 1019.20 1019.20 1018.60 1018.00 1017.90 1017.80
2018121500 T2 264.65 267.65 269.95 272.25 272.85 274.25 274.55 274.85 273.55 272.85 272.55 271.65 271.55 271.55 271.15 268.45 267.95 266.15 265.55 265.55 265.05 265.65 265.75 266.45
2018121500 RH2 61.00 56.00 50.00 41.00 34.00 34.00 30.00 30.00 34.00 38.00 39.00 43.00 43.00 44.00 47.00 54.00 58.00 62.00 65.00 64.00 69.00 63.00 55.00 63.00
2018121500 TD2 259.06 260.97 261.86 261.77 260.21 260.03 258.74 259.01 259.40 261.46 261.48 261.75 261.65 261.91 262.29 261.32 261.65 260.68 260.63 260.46 260.82 260.38 258.96 261.14
2018121600 SPD10 0.38 1.57 0.87 2.30 4.42 5.36 5.13 5.14 3.32 1.79 2.20 2.23 1.39 1.51 2.17 1.74 1.77 1.20 0.73 1.03 0.85 0.28 1.10 1.08
2018121600 DIR10 165.00 352.00 20.00 277.00 283.00 289.00 286.00 292.00 285.00 282.00 292.00 303.00 304.00 308.00 326.00 354.00 272.00 319.00 257.00 329.00 222.00 225.00 252.00 273.00
2018121600 SLP 1018.10 1018.30 1018.40 1017.80 1016.50 1015.40 1014.80 1014.60 1014.80 1015.00 1015.50 1016.30 1017.00 1017.70 1018.30 1018.40 1018.50 1018.50 1018.80 1018.60 1018.20 1018.20 1017.90 1018.50
2018121600 T2 265.05 270.15 273.05 277.05 281.25 281.55 281.85 281.75 281.25 279.45 279.05 278.35 275.15 273.25 275.05 273.75 273.75 269.95 268.05 266.45 267.45 266.25 264.85 265.15
2018121600 RH2 67.00 50.00 41.00 32.00 19.00 17.00 16.00 16.00 16.00 19.00 20.00 21.00 26.00 30.00 25.00 25.00 26.00 34.00 40.00 47.00 45.00 48.00 53.00 58.00
2018121600 TD2 260.49 262.05 261.29 261.78 258.90 257.78 257.29 257.21 256.79 257.37 257.66 257.66 257.51 257.59 256.94 255.81 256.28 257.57 257.61 257.89 258.35 257.93 257.70 258.98
2018121700 SPD10 1.09 1.58 0.99 0.98 2.03 3.58 3.76 4.28 2.47 2.01 1.48 1.58 2.07 0.89 1.22 1.48 1.16 1.54 1.70 1.29 1.49 1.50 1.66 0.92
2018121700 DIR10 53.00 358.00 64.00 78.00 100.00 279.00 298.00 283.00 212.00 190.00 189.00 196.00 228.00 206.00 18.00 353.00 47.00 338.00 359.00 339.00 342.00 330.00 356.00 314.00
2018121700 SLP 1019.10 1019.60 1020.10 1019.30 1018.10 1016.90 1016.10 1015.60 1015.60 1015.60 1015.80 1015.90 1015.70 1015.50 1015.50 1015.30 1015.10 1015.10 1015.20 1015.10 1014.50 1015.30 1015.30 1016.00
2018121700 T2 267.55 272.95 275.45 278.45 280.75 282.45 282.65 282.55 281.05 278.85 275.15 272.55 275.15 271.05 271.95 271.25 268.35 268.45 267.35 268.35 267.05 267.65 265.85 267.15
2018121700 RH2 52.00 33.00 30.00 22.00 19.00 15.00 14.00 14.00 17.00 19.00 27.00 32.00 30.00 38.00 39.00 39.00 48.00 50.00 53.00 52.00 55.00 55.00 62.00 54.00
2018121700 TD2 260.04 259.97 259.54 258.32 258.48 257.00 256.32 256.24 257.36 256.87 257.97 259.26 259.28 259.81 260.92 260.28 259.90 260.45 260.07 260.80 260.20 260.76 260.39 260.09
2018121800 SPD10 0.58 0.67 1.84 3.29 2.64 3.93 4.92 3.30 2.95 2.09 1.88 2.11 1.39 0.67 1.29 1.29 2.13 1.43 1.31 1.73 1.23 1.48 1.72 2.47
2018121800 DIR10 335.00 277.00 356.00 327.00 313.00 352.00 28.00 53.00 29.00 30.00 1.00 1.00 8.00 15.00 350.00 6.00 6.00 9.00 359.00 357.00 338.00 342.00 355.00 347.00
2018121800 SLP 1016.60 1017.20 1017.90 1017.50 1016.30 1015.10 1014.00 1013.70 1013.80 1014.10 1014.60 1015.00 1015.40 1015.70 1016.00 1015.90 1016.20 1016.30 1016.50 1016.40 1016.30 1016.60 1016.90 1017.30
2018121800 T2 266.95 273.15 278.95 281.35 281.95 282.65 282.55 281.25 279.95 276.65 275.05 274.25 273.05 270.65 270.25 268.95 266.85 270.15 269.55 269.45 267.45 267.35 267.25 269.55
2018121800 RH2 54.00 40.00 26.00 19.00 17.00 17.00 17.00 18.00 20.00 25.00 28.00 30.00 33.00 40.00 43.00 47.00 53.00 46.00 50.00 50.00 57.00 59.00 61.00 51.00
2018121800 TD2 259.90 261.07 260.84 258.99 258.12 258.70 258.62 258.23 258.43 258.34 258.33 258.48 258.58 260.01 260.45 260.23 259.59 261.11 261.49 261.39 260.98 261.27 261.55 261.71
2018121900 SPD10 2.14 2.12 1.90 2.63 1.03 1.84 0.88 1.26 2.15 1.55 1.48 0.50 0.64 0.86 0.71 1.67 1.66 2.10 1.10 1.84 1.84 1.61 1.10 1.57
2018121900 DIR10 12.00 13.00 10.00 61.00 35.00 107.00 98.00 350.00 29.00 8.00 50.00 43.00 328.00 287.00 301.00 2.00 9.00 358.00 354.00 10.00 351.00 349.00 338.00 14.00
2018121900 SLP 1017.80 1018.40 1019.00 1018.50 1017.90 1017.10 1016.80 1016.40 1016.60 1016.90 1017.50 1018.10 1018.30 1018.40 1019.00 1019.40 1019.20 1019.20 1019.20 1019.30 1019.00 1018.70 1018.50 1018.70
2018121900 T2 268.45 271.75 274.55 277.15 280.15 281.35 281.75 282.05 280.25 277.05 272.75 274.05 269.85 271.45 269.85 269.25 270.25 270.75 269.55 269.55 270.55 269.95 269.55 270.35
2018121900 RH2 56.00 48.00 39.00 32.00 27.00 25.00 24.00 23.00 26.00 31.00 42.00 40.00 52.00 49.00 55.00 58.00 54.00 55.00 59.00 61.00 58.00 58.00 60.00 57.00
2018121900 TD2 261.73 263.09 262.03 261.87 262.36 262.43 262.26 261.98 261.97 261.38 262.50 261.90 262.21 263.04 262.85 262.89 263.02 263.71 263.37 263.75 264.13 263.55 263.56 263.74
2018122000 SPD10 1.32 1.44 1.73 1.57 1.36 1.51 1.58 2.61 2.28 2.70 3.33 2.18 1.46 0.83 1.96 1.33 1.19 0.99 1.66 0.77 0.50 0.89 1.34 1.09
2018122000 DIR10 5.00 1.00 13.00 90.00 103.00 110.00 94.00 110.00 154.00 114.00 127.00 191.00 354.00 352.00 354.00 22.00 71.00 89.00 309.00 24.00 325.00 176.00 351.00 356.00
2018122000 SLP 1019.50 1020.00 1020.40 1019.70 1019.00 1017.80 1017.00 1016.80 1016.80 1016.40 1016.10 1016.10 1016.40 1016.60 1017.10 1016.50 1016.40 1016.90 1017.30 1017.80 1017.30 1017.50 1017.80 1018.40
2018122000 T2 270.55 271.15 272.75 275.65 276.35 277.75 278.05 279.15 278.85 278.35 278.05 278.05 275.85 275.55 275.55 275.45 274.85 273.55 271.95 270.25 269.25 267.95 269.45 269.95
2018122000 RH2 58.00 57.00 52.00 40.00 38.00 34.00 35.00 32.00 33.00 34.00 34.00 35.00 43.00 43.00 44.00 42.00 45.00 49.00 54.00 61.00 62.00 69.00 66.00 65.00
2018122000 TD2 264.13 264.50 264.95 263.36 263.34 263.18 263.82 263.65 263.78 263.71 263.45 263.82 264.47 264.20 264.49 263.80 264.14 264.03 264.63 264.42 263.65 263.62 264.56 264.87
2018122100 SPD10 1.57 0.85 1.29 1.11 3.00 2.64 2.68 3.25 2.29 1.47 1.88 2.82 1.56 0.87 0.53 0.60 0.70 1.61 0.46 1.98 1.45 2.05 2.43 2.63
2018122100 DIR10 37.00 318.00 305.00 315.00 297.00 331.00 291.00 286.00 285.00 215.00 252.00 178.00 248.00 284.00 52.00 140.00 24.00 356.00 19.00 356.00 2.00 356.00 3.00 358.00
2018122100 SLP 1019.60 1020.50 1020.80 1020.40 1019.70 1019.10 1018.70 1018.50 1018.40 1018.40 1019.40 1020.20 1020.40 1020.70 1021.20 1021.70 1021.80 1021.90 1022.50 1022.50 1022.30 1022.20 1022.20 1022.30
2018122100 T2 268.35 273.25 277.45 281.15 281.85 281.55 281.95 281.55 281.15 278.75 278.75 275.95 276.45 273.05 271.95 272.05 271.45 270.35 271.65 270.85 271.55 271.35 271.95 272.75
2018122100 RH2 69.00 56.00 37.00 26.00 20.00 20.00 18.00 18.00 18.00 20.00 32.00 39.00 38.00 48.00 51.00 51.00 55.00 58.00 54.00 58.00 51.00 52.00 52.00 47.00
2018122100 TD2 264.01 265.48 263.99 262.76 260.05 259.79 258.82 258.49 258.15 257.41 263.29 263.31 263.43 263.30 263.97 264.07 264.37 263.94 264.35 264.41 263.60 263.63 264.20 263.79
2018122200 SPD10 1.40 1.75 1.68 2.08 1.66 3.04 2.59 2.02 2.12 2.03 1.44 1.73 1.74 3.81 5.64 4.71 6.06 3.86 4.66 4.29 5.98 4.98 3.00 2.70
2018122200 DIR10 6.00 337.00 358.00 5.00 9.00 5.00 334.00 338.00 280.00 301.00 324.00 310.00 314.00 327.00 343.00 329.00 316.00 328.00 349.00 327.00 333.00 323.00 307.00 307.00
2018122200 SLP 1022.90 1024.00 1024.60 1024.30 1023.50 1023.10 1022.80 1022.90 1023.00 1023.40 1024.40 1024.90 1025.90 1027.40 1028.60 1029.80 1030.60 1031.20 1031.80 1032.40 1032.50 1032.50 1033.10 1033.50
2018122200 T2 273.25 274.65 276.05 278.35 280.05 280.95 281.95 281.15 281.35 280.05 277.65 276.35 273.75 276.95 275.85 274.45 273.65 271.85 270.85 269.75 268.95 267.85 266.95 266.45
2018122200 RH2 43.00 39.00 35.00 28.00 23.00 19.00 16.00 16.00 17.00 20.00 22.00 26.00 31.00 25.00 22.00 20.00 17.00 18.00 17.00 16.00 12.00 12.00 13.00 15.00
2018122200 TD2 262.08 262.12 262.02 261.24 260.25 258.65 257.37 256.71 257.61 258.52 257.63 258.56 258.44 258.60 256.08 253.74 251.14 252.43 250.97 249.41 245.82 244.90 244.94 245.94
2018122300 SPD10 4.92 5.54 4.96 3.20 3.43 3.23 3.01 3.37 1.86 0.53 1.10 0.53 1.58 0.60 1.16 2.17 1.42 1.42 1.11 2.10 1.43 1.30 2.34 0.64
2018122300 DIR10 313.00 318.00 327.00 312.00 327.00 344.00 338.00 340.00 328.00 209.00 201.00 236.00 229.00 107.00 15.00 352.00 349.00 346.00 347.00 351.00 15.00 349.00 353.00 6.00
2018122300 SLP 1033.90 1034.40 1034.40 1033.90 1032.70 1031.70 1030.80 1029.90 1029.30 1028.90 1028.80 1028.50 1028.50 1028.20 1028.00 1027.90 1027.70 1027.60 1027.30 1026.90 1026.30 1025.40 1024.80 1025.00
2018122300 T2 266.85 267.75 269.05 271.05 271.95 273.05 273.15 273.85 273.65 271.05 268.45 268.25 267.55 264.15 262.85 264.75 262.95 262.95 262.05 263.85 261.25 259.85 262.45 261.05
2018122300 RH2 13.00 13.00 12.00 11.00 9.00 9.00 8.00 7.00 7.00 10.00 15.00 17.00 21.00 28.00 34.00 28.00 35.00 38.00 42.00 42.00 50.00 58.00 49.00 54.00
2018122300 TD2 244.85 245.61 245.90 246.70 245.43 243.47 242.26 241.36 241.21 245.74 247.64 248.74 250.30 250.26 251.10 250.80 251.49 252.36 252.58 254.25 253.67 253.92 254.58 254.30
2018122400 SPD10 1.62 2.49 1.91 0.73 1.46 0.97 1.01 2.40 3.18 2.64 2.58 2.58 0.62 0.91 1.95 1.77 1.25 1.01 1.78 2.82 4.10 3.43 1.72 1.32
2018122400 DIR10 348.00 1.00 5.00 89.00 135.00 138.00 152.00 198.00 179.00 179.00 186.00 180.00 223.00 56.00 22.00 17.00 338.00 346.00 8.00 358.00 352.00 355.00 33.00 318.00
2018122400 SLP 1025.10 1024.90 1024.50 1023.70 1022.30 1020.80 1019.60 1019.10 1018.50 1018.60 1018.20 1018.10 1018.20 1017.90 1017.90 1018.30 1018.60 1018.30 1018.60 1018.90 1018.60 1018.70 1019.10 1019.70
2018122400 T2 261.35 265.25 267.45 270.15 271.95 273.95 275.35 274.95 273.75 271.25 271.15 270.05 267.25 266.25 265.55 263.25 263.15 264.45 262.85 261.85 266.25 266.05 263.95 267.65
2018122400 RH2 53.00 41.00 32.00 23.00 16.00 15.00 14.00 15.00 16.00 19.00 23.00 26.00 33.00 38.00 41.00 45.00 50.00 43.00 47.00 52.00 34.00 43.00 49.00 33.00
2018122400 TD2 254.38 255.29 254.64 253.54 251.28 249.94 250.31 250.77 250.52 252.48 254.42 254.76 254.79 255.39 255.57 254.42 255.46 255.06 254.52 254.65 254.20 256.54 256.00 255.16
2018122500 SPD10 3.17 3.41 2.80 4.37 6.50 5.08 5.09 4.08 3.82 2.52 1.64 2.13 4.02 5.03 3.94 4.60 4.98 5.19 4.80 4.58 5.15 4.46 3.93 4.82
2018122500 DIR10 317.00 293.00 317.00 330.00 342.00 333.00 346.00 316.00 305.00 319.00 339.00 356.00 13.00 25.00 47.00 31.00 35.00 44.00 43.00 46.00 43.00 40.00 31.00 25.00
2018122500 SLP 1020.70 1021.70 1022.60 1022.70 1022.20 1021.40 1021.50 1022.20 1022.70 1023.30 1024.20 1025.00 1025.90 1026.70 1027.80 1028.40 1028.60 1028.90 1029.10 1029.50 1029.60 1029.80 1030.00 1030.90
2018122500 T2 271.55 273.25 274.85 276.05 276.65 277.25 277.65 277.05 275.95 274.35 271.95 271.15 271.05 270.85 270.35 269.35 268.85 268.35 267.75 267.05 266.65 266.25 265.55 265.55
2018122500 RH2 20.00 18.00 16.00 13.00 12.00 12.00 11.00 12.00 15.00 16.00 19.00 21.00 21.00 18.00 14.00 13.00 13.00 15.00 15.00 18.00 18.00 18.00 20.00 18.00
2018122500 TD2 253.28 251.47 251.44 250.03 249.59 250.08 249.40 249.92 251.61 251.03 253.09 253.45 253.36 251.57 248.55 246.96 246.54 247.55 247.04 248.29 247.94 247.60 248.06 246.99
2018122600 SPD10 4.65 4.37 4.70 5.02 3.33 2.51 1.21 0.98 0.43 0.29 1.50 1.09 0.71 1.12 1.37 1.82 1.49 3.20 3.39 4.58 3.78 4.18 4.53 4.44
2018122600 DIR10 23.00 28.00 29.00 41.00 23.00 8.00 75.00 108.00 210.00 203.00 45.00 58.00 343.00 325.00 334.00 339.00 324.00 337.00 317.00 327.00 337.00 333.00 341.00 327.00
2018122600 SLP 1031.50 1032.30 1032.60 1032.30 1031.60 1030.40 1029.70 1029.50 1029.60 1030.00 1030.60 1031.10 1031.60 1032.30 1033.40 1034.10 1034.70 1035.40 1036.40 1037.20 1037.60 1037.60 1038.00 1038.70
2018122600 T2 265.35 266.45 267.85 268.55 269.55 269.95 270.05 270.25 270.55 267.25 265.35 263.35 263.15 262.45 264.15 265.35 264.65 265.65 265.05 264.25 263.35 262.65 262.05 261.75
2018122600 RH2 19.00 19.00 17.00 15.00 13.00 13.00 13.00 12.00 12.00 16.00 20.00 28.00 29.00 34.00 28.00 25.00 23.00 15.00 10.00 10.00 11.00 11.00 11.00 10.00
2018122600 TD2 247.36 248.32 248.40 247.72 247.12 247.46 247.54 246.90 247.15 247.27 247.88 249.55 249.73 250.74 250.26 250.16 248.69 245.25 240.80 240.14 240.30 239.72 239.22 238.07
2018122700 SPD10 3.72 4.38 5.27 5.75 6.69 6.22 4.77 5.64 3.96 4.21 3.73 7.56 7.01 7.25 5.87 5.48 6.60 5.90 5.53 6.54 4.85 3.71 5.62 4.53
2018122700 DIR10 326.00 324.00 321.00 336.00 342.00 334.00 313.00 315.00 331.00 315.00 325.00 329.00 329.00 324.00 325.00 328.00 329.00 344.00 340.00 338.00 330.00 322.00 336.00 334.00
2018122700 SLP 1040.00 1040.60 1041.20 1039.90 1038.60 1037.40 1037.10 1037.00 1037.10 1037.30 1038.00 1038.00 1038.60 1038.90 1039.90 1040.40 1040.50 1040.40 1040.40 1040.40 1040.40 1041.50 1041.50 1042.20
2018122700 T2 261.45 261.35 261.65 263.85 264.75 265.85 266.45 266.55 265.75 264.65 264.25 264.05 263.45 262.95 262.75 262.55 262.35 262.25 262.05 261.75 261.45 261.25 261.35 261.35
2018122700 RH2 10.00 12.00 12.00 9.00 9.00 9.00 9.00 8.00 9.00 11.00 10.00 10.00 11.00 11.00 12.00 13.00 14.00 14.00 15.00 16.00 17.00 18.00 18.00 18.00
2018122700 TD2 237.82 239.45 239.71 238.81 239.55 240.45 240.94 239.90 240.37 241.38 240.14 239.97 240.38 239.97 240.63 241.23 241.77 241.69 242.18 242.55 242.88 243.27 243.35 243.35
2018122800 SPD10 3.72 4.16 4.49 4.87 5.20 5.32 4.87 3.92 4.16 3.18 3.12 3.22 2.76 1.94 1.57 1.13 0.36 1.85 2.11 3.41 2.14 2.81 2.44 2.53
2018122800 DIR10 319.00 320.00 314.00 309.00 306.00 314.00 304.00 290.00 294.00 290.00 281.00 284.00 292.00 294.00 284.00 250.00 332.00 306.00 305.00 317.00 307.00 316.00 319.00 324.00
2018122800 SLP 1042.50 1043.20 1042.80 1042.40 1040.70 1038.90 1038.60 1038.00 1037.90 1038.10 1038.40 1038.30 1038.40 1038.60 1038.90 1038.90 1038.80 1039.00 1038.50 1038.60 1038.30 1038.20 1038.70 1039.50
2018122800 T2 261.35 262.25 263.65 264.85 265.75 266.55 267.55 268.05 267.45 267.15 266.75 266.55 266.65 266.05 265.55 263.45 259.65 260.85 265.35 265.75 264.75 265.05 265.15 265.05
2018122800 RH2 19.00 17.00 16.00 15.00 14.00 14.00 13.00 13.00 13.00 15.00 16.00 16.00 16.00 17.00 18.00 23.00 30.00 34.00 17.00 16.00 17.00 16.00 16.00 16.00
2018122800 TD2 243.88 243.57 244.18 244.57 244.66 245.33 245.44 245.86 245.36 246.53 246.84 246.67 246.75 246.85 246.99 247.63 246.91 249.27 246.24 245.98 245.73 245.38 245.47 245.38
2018122900 SPD10 3.14 3.70 4.10 4.65 5.32 3.45 3.81 2.44 2.56 1.42 0.97 0.69 2.07 1.60 1.68 3.09 2.56 3.53 3.27 3.37 3.67 3.04 3.16 2.09
2018122900 DIR10 347.00 335.00 332.00 310.00 300.00 295.00 299.00 320.00 311.00 62.00 138.00 255.00 41.00 350.00 334.00 39.00 23.00 40.00 31.00 26.00 42.00 41.00 16.00 360.00
2018122900 SLP 1040.10 1040.50 1040.50 1039.80 1038.90 1037.60 1037.10 1037.00 1037.20 1037.60 1038.40 1039.10 1039.40 1039.60 1040.10 1040.40 1040.70 1040.40 1040.10 1040.10 1040.20 1040.00 1040.10 1040.70
2018122900 T2 265.15 267.05 268.75 269.25 269.85 271.05 271.45 272.05 271.25 268.25 267.15 263.45 262.85 262.05 264.25 262.55 263.05 264.65 263.85 264.15 264.55 263.95 261.85 261.75
2018122900 RH2 16.00 14.00 12.00 12.00 12.00 12.00 12.00 12.00 13.00 15.00 17.00 24.00 28.00 30.00 26.00 31.00 32.00 28.00 30.00 30.00 28.00 28.00 35.00 38.00
2018122900 TD2 245.47 245.76 245.65 246.07 246.57 247.57 247.91 248.41 248.55 247.47 247.79 248.06 249.10 249.08 249.59 249.87 250.65 250.71 250.71 250.98 250.62 250.08 250.49 251.25
2018123000 SPD10 2.22 2.37 3.06 2.51 2.05 1.96 1.47 0.97 0.39 0.31 0.17 0.46 0.51 1.30 1.58 1.34 1.30 1.71 1.50 2.36 2.62 1.73 1.67 2.14
2018123000 DIR10 9.00 1.00 16.00 8.00 334.00 53.00 89.00 98.00 210.00 191.00 107.00 87.00 192.00 20.00 346.00 45.00 9.00 356.00 349.00 359.00 15.00 350.00 351.00 358.00
2018123000 SLP 1041.00 1041.60 1041.60 1040.90 1039.80 1038.50 1038.10 1037.80 1037.90 1038.20 1038.80 1039.20 1039.50 1039.70 1040.00 1040.00 1039.90 1039.60 1039.90 1039.90 1039.20 1039.10 1039.60 1039.60
2018123000 T2 260.05 264.65 266.55 268.45 269.15 269.05 269.95 270.85 270.65 267.85 264.25 263.25 262.85 262.25 261.25 260.45 260.75 262.55 262.25 262.15 261.95 262.35 262.05 260.95
2018123000 RH2 45.00 32.00 27.00 21.00 19.00 18.00 17.00 16.00 16.00 19.00 26.00 29.00 32.00 35.00 39.00 42.00 42.00 39.00 42.00 45.00 46.00 44.00 45.00 49.00
2018123000 TD2 251.43 252.11 252.04 251.09 250.66 250.02 250.20 250.35 250.17 249.53 249.59 249.82 250.47 250.85 251.06 251.09 251.37 252.26 252.76 253.40 253.44 253.35 253.30 253.17
2018123100 SPD10 2.90 2.20 3.08 1.85 0.96 1.00 1.92 1.14 0.91 0.75 0.77 1.40 1.33 1.23 1.01 0.61 0.57 0.58 1.28 1.02 0.69 1.70 0.70 0.62
2018123100 DIR10 2.00 359.00 13.00 26.00 103.00 50.00 79.00 119.00 56.00 63.00 61.00 360.00 351.00 347.00 337.00 302.00 293.00 360.00 22.00 10.00 309.00 359.00 4.00 21.00
2018123100 SLP 1039.80 1040.40 1040.50 1040.00 1039.40 1038.10 1037.00 1037.30 1037.10 1037.20 1037.40 1037.40 1037.60 1037.50 1037.40 1037.60 1037.40 1037.00 1036.90 1037.00 1036.50 1035.90 1036.30 1036.50
2018123100 T2 260.75 262.55 264.85 266.75 268.65 268.75 269.45 269.75 269.55 268.95 268.15 265.05 265.55 263.85 264.55 264.25 264.25 261.95 261.25 260.25 259.95 259.85 259.65 260.15
2018123100 RH2 51.00 45.00 36.00 30.00 25.00 23.00 23.00 22.00 22.00 24.00 26.00 35.00 34.00 40.00 39.00 42.00 40.00 47.00 50.00 55.00 56.00 59.00 58.00 56.00
2018123100 TD2 253.41 253.77 253.53 253.32 253.10 252.31 252.92 252.72 252.54 252.93 253.07 253.41 253.56 253.73 254.10 254.62 254.10 253.67 253.67 253.74 253.64 254.10 253.73 253.83
