2018110200 SPD10 0.57 1.05 1.86 1.27 1.08 2.40 2.22 1.81 1.01 0.63 0.93 0.67 0.69 0.92 0.87 0.74 0.88 0.75 0.82 1.41 0.99 1.34 0.65 0.81
2018110200 DIR10 27.00 333.00 127.00 147.00 127.00 153.00 146.00 150.00 135.00 48.00 56.00 61.00 24.00 37.00 48.00 79.00 66.00 41.00 35.00 1.00 2.00 357.00 16.00 358.00
2018110200 SLP 1024.50 1024.70 1024.40 1023.90 1023.30 1022.00 1021.10 1020.80 1020.40 1020.20 1020.50 1020.90 1021.20 1021.20 1021.20 1021.00 1020.90 1020.60 1020.60 1020.40 1020.00 1020.10 1020.30 1020.10
2018110200 T2 278.15 282.15 283.85 285.45 286.35 287.95 289.05 289.45 289.05 286.15 283.75 282.55 281.15 281.55 280.45 279.95 279.05 279.15 278.65 278.35 277.85 277.85 277.25 276.85
2018110200 RH2 85.00 67.00 57.00 53.00 49.00 48.00 46.00 46.00 49.00 62.00 74.00 78.00 82.00 84.00 89.00 87.00 92.00 88.00 88.00 92.00 95.00 95.00 93.00 96.00
2018110200 TD2 275.85 276.38 275.72 276.20 275.93 277.13 277.54 277.91 278.44 279.09 279.34 278.93 278.28 279.02 278.77 277.95 277.86 277.32 276.83 277.16 277.12 277.12 276.22 276.27
2018110300 SPD10 0.64 0.87 0.43 1.59 2.35 2.44 3.52 2.57 4.29 2.13 2.29 0.62 0.61 0.89 0.85 1.51 1.58 0.64 1.99 0.97 1.29 0.47 1.56 1.02
2018110300 DIR10 9.00 85.00 164.00 198.00 174.00 165.00 159.00 154.00 188.00 150.00 159.00 43.00 11.00 64.00 104.00 109.00 353.00 23.00 354.00 29.00 27.00 335.00 280.00 321.00
2018110300 SLP 1020.40 1020.50 1020.10 1019.70 1018.80 1017.90 1016.90 1016.50 1016.50 1016.50 1016.80 1017.40 1017.90 1017.60 1017.80 1018.00 1018.30 1018.20 1018.10 1018.10 1017.70 1017.90 1018.80 1019.60
2018110300 T2 278.55 282.45 284.55 285.95 287.65 289.15 289.85 290.75 290.55 287.65 286.65 283.55 282.75 281.25 282.45 281.25 282.65 281.15 281.95 282.15 282.25 281.95 282.55 283.35
2018110300 RH2 95.00 76.00 65.00 61.00 55.00 51.00 48.00 45.00 42.00 53.00 56.00 72.00 78.00 88.00 76.00 83.00 79.00 86.00 84.00 83.00 83.00 85.00 83.00 77.00
2018110300 TD2 277.82 278.46 278.25 278.67 278.79 279.11 278.88 278.79 277.62 278.26 278.11 278.75 279.13 279.39 278.46 278.55 279.21 278.96 279.41 279.43 279.53 279.58 279.83 279.52
2018110400 SPD10 1.60 2.94 3.15 3.04 3.04 2.64 2.45 3.83 3.55 3.03 4.13 3.05 2.74 2.84 1.33 2.10 1.89 0.54 1.32 1.68 1.40 1.73 0.80 1.37
2018110400 DIR10 353.00 325.00 328.00 337.00 341.00 354.00 5.00 18.00 14.00 23.00 25.00 25.00 35.00 19.00 38.00 13.00 21.00 335.00 6.00 61.00 3.00 22.00 5.00 12.00
2018110400 SLP 1020.60 1021.60 1021.80 1022.10 1022.00 1021.90 1022.40 1022.80 1023.50 1024.00 1024.70 1025.20 1025.80 1026.30 1026.90 1027.00 1027.10 1027.10 1027.70 1027.20 1027.70 1027.30 1027.70 1027.90
2018110400 T2 283.15 283.25 282.75 282.35 282.45 282.05 281.95 281.55 280.85 281.05 281.45 281.35 280.95 280.65 280.35 280.25 278.35 276.65 275.55 275.85 275.65 275.35 274.35 274.65
2018110400 RH2 84.00 86.00 88.00 89.00 90.00 88.00 84.00 77.00 80.00 76.00 67.00 66.00 71.00 71.00 71.00 68.00 72.00 89.00 88.00 87.00 81.00 79.00 88.00 91.00
2018110400 TD2 280.59 281.03 280.87 280.64 280.91 280.18 279.41 277.77 277.63 277.10 275.71 275.40 276.04 275.75 275.46 274.76 273.72 275.01 273.77 273.91 272.72 272.09 272.58 273.34
2018110500 SPD10 2.02 3.76 3.27 2.40 1.14 0.90 1.59 2.17 2.20 1.32 0.81 0.32 0.61 0.88 1.29 1.46 2.97 2.77 3.05 1.94 2.02 2.11 2.39 2.79
2018110500 DIR10 41.00 12.00 20.00 67.00 209.00 268.00 161.00 228.00 207.00 150.00 89.00 113.00 31.00 352.00 11.00 2.00 352.00 355.00 354.00 352.00 6.00 344.00 10.00 356.00
2018110500 SLP 1028.60 1028.70 1028.60 1028.10 1027.70 1026.80 1025.90 1025.50 1025.20 1025.50 1026.20 1027.00 1027.20 1027.70 1027.80 1028.20 1027.90 1028.20 1028.60 1029.00 1029.20 1029.40 1029.90 1030.00
2018110500 T2 278.45 280.15 281.75 281.95 283.55 283.45 283.75 283.65 283.45 282.65 280.65 280.15 279.05 278.85 278.05 277.55 277.05 275.05 274.45 276.25 274.85 274.95 274.65 275.15
2018110500 RH2 60.00 55.00 49.00 46.00 42.00 41.00 42.00 43.00 44.00 48.00 63.00 70.00 76.00 81.00 86.00 83.00 83.00 85.00 84.00 82.00 83.00 88.00 76.00 73.00
2018110500 TD2 271.32 271.74 271.66 270.99 271.22 270.80 271.40 271.63 271.76 272.21 274.08 275.07 275.16 275.85 275.91 274.92 274.43 272.80 272.04 273.48 272.27 273.18 270.88 270.82
2018110600 SPD10 3.02 3.61 3.10 3.67 2.80 2.42 2.11 1.60 1.36 0.86 0.42 1.42 0.85 1.14 1.55 0.51 0.89 0.74 1.07 1.27 0.66 1.19 1.58 2.04
2018110600 DIR10 8.00 15.00 26.00 36.00 38.00 51.00 51.00 32.00 31.00 10.00 224.00 296.00 335.00 359.00 354.00 9.00 29.00 10.00 341.00 354.00 297.00 312.00 344.00 6.00
2018110600 SLP 1030.30 1030.80 1030.90 1030.50 1029.80 1029.00 1028.50 1028.20 1027.70 1027.50 1027.70 1028.20 1028.40 1028.50 1028.60 1028.50 1028.10 1027.90 1028.10 1027.60 1027.30 1027.20 1027.10 1027.00
2018110600 T2 278.05 280.15 281.55 282.25 283.05 283.15 283.65 283.45 283.15 281.05 278.95 279.65 278.85 277.65 276.15 274.65 273.65 273.05 272.65 271.95 272.45 272.35 273.45 272.55
2018110600 RH2 58.00 40.00 34.00 29.00 24.00 23.00 21.00 22.00 24.00 46.00 54.00 42.00 48.00 57.00 73.00 79.00 74.00 82.00 80.00 86.00 81.00 83.00 67.00 75.00
2018110600 TD2 270.48 267.46 266.59 265.13 263.39 262.93 262.20 262.62 263.47 270.15 270.36 267.65 268.69 269.87 271.78 271.40 269.55 270.34 269.94 270.12 269.89 270.09 268.03 269.07
2018110700 SPD10 2.39 2.71 2.64 2.03 1.11 1.06 3.17 2.33 2.44 1.73 1.31 0.98 1.11 0.79 0.66 1.04 0.53 0.37 0.32 1.52 0.69 1.05 0.97 0.39
2018110700 DIR10 1.00 358.00 10.00 255.00 268.00 162.00 181.00 175.00 162.00 148.00 124.00 108.00 86.00 93.00 49.00 108.00 34.00 54.00 41.00 156.00 44.00 8.00 29.00 52.00
2018110700 SLP 1027.20 1027.00 1025.50 1025.70 1024.80 1023.80 1022.70 1022.00 1021.60 1021.10 1021.00 1020.90 1020.60 1020.30 1020.20 1019.80 1019.20 1018.60 1017.90 1017.20 1016.70 1016.30 1016.10 1015.50
2018110700 T2 275.05 277.05 279.55 281.55 283.25 284.05 284.35 284.95 283.85 281.85 280.15 278.95 278.45 278.75 278.75 278.15 278.35 277.75 277.25 276.15 277.05 276.85 277.15 276.35
2018110700 RH2 72.00 64.00 43.00 33.00 29.00 27.00 25.00 25.00 30.00 39.00 54.00 61.00 64.00 61.00 68.00 70.00 60.00 68.00 72.00 80.00 76.00 76.00 75.00 79.00
2018110700 TD2 270.53 270.86 267.87 266.19 266.01 265.78 265.04 265.56 266.99 268.67 271.49 272.02 272.20 271.83 273.32 273.14 271.22 272.36 272.66 273.04 273.21 273.02 273.13 273.06
2018110800 SPD10 0.98 1.78 2.25 1.51 1.59 1.63 3.32 2.03 2.25 1.24 3.60 3.00 1.15 0.97 1.05 0.78 1.54 2.11 0.54 2.15 0.57 1.45 2.14 3.48
2018110800 DIR10 351.00 343.00 332.00 314.00 275.00 182.00 223.00 177.00 190.00 157.00 202.00 216.00 130.00 122.00 96.00 26.00 356.00 360.00 318.00 2.00 342.00 344.00 331.00 322.00
2018110800 SLP 1015.70 1015.10 1014.60 1013.90 1012.80 1011.70 1011.00 1010.40 1010.50 1010.30 1010.40 1010.80 1011.00 1011.20 1011.40 1011.50 1011.60 1011.90 1012.30 1012.30 1012.40 1012.80 1013.40 1013.80
2018110800 T2 277.65 280.05 281.05 283.85 284.45 285.45 286.15 286.05 285.45 283.65 283.65 282.95 279.65 278.15 277.05 276.55 276.05 275.85 275.05 274.75 274.25 274.85 274.65 274.55
2018110800 RH2 73.00 57.00 52.00 41.00 35.00 32.00 31.00 38.00 37.00 49.00 49.00 50.00 68.00 77.00 84.00 85.00 88.00 88.00 90.00 83.00 81.00 79.00 79.00 78.00
2018110800 TD2 273.24 272.13 271.82 271.17 269.57 269.26 269.46 272.13 271.22 273.43 273.43 273.05 274.18 274.46 274.60 274.27 274.26 274.06 273.58 272.17 271.35 271.60 271.40 271.13
2018110900 SPD10 2.12 5.29 7.27 6.43 6.22 5.20 7.06 6.88 6.12 5.59 4.44 2.26 2.42 2.66 2.23 2.22 3.21 3.02 4.60 3.56 3.27 4.02 3.60 4.13
2018110900 DIR10 34.00 315.00 296.00 305.00 308.00 297.00 318.00 293.00 283.00 291.00 294.00 342.00 8.00 24.00 30.00 12.00 6.00 6.00 9.00 18.00 12.00 17.00 15.00 16.00
2018110900 SLP 1014.40 1015.30 1015.80 1015.90 1015.70 1015.20 1015.10 1015.50 1016.00 1016.50 1017.90 1019.00 1019.90 1020.60 1021.20 1021.80 1022.20 1022.80 1023.00 1023.40 1023.40 1023.40 1024.10 1024.60
2018110900 T2 279.95 285.65 286.55 288.05 288.45 288.75 289.35 288.55 287.95 286.45 285.05 282.75 280.05 282.55 282.55 279.15 277.65 277.05 280.05 279.85 278.85 278.95 278.95 278.85
2018110900 RH2 53.00 29.00 21.00 16.00 16.00 16.00 14.00 15.00 16.00 17.00 20.00 25.00 33.00 28.00 27.00 37.00 45.00 46.00 36.00 35.00 37.00 37.00 35.00 35.00
2018110900 TD2 271.05 268.13 264.67 262.45 262.78 263.03 261.82 262.04 262.36 261.88 262.77 263.65 264.85 264.94 264.47 265.53 266.72 266.46 265.99 265.44 265.26 265.35 264.63 264.54
2018111000 SPD10 3.20 3.61 2.40 1.15 1.47 1.79 2.62 2.50 1.62 1.27 0.75 0.31 0.90 1.05 0.84 1.36 0.66 1.37 0.72 1.06 0.69 0.33 0.54 0.36
2018111000 DIR10 14.00 9.00 29.00 320.00 217.00 191.00 165.00 185.00 141.00 118.00 93.00 3.00 29.00 78.00 93.00 350.00 62.00 162.00 98.00 45.00 321.00 19.00 97.00 94.00
2018111000 SLP 1025.60 1025.90 1025.80 1025.30 1024.40 1023.50 1022.90 1022.70 1022.30 1022.20 1022.40 1022.90 1023.30 1023.10 1022.80 1022.80 1022.40 1022.30 1021.90 1021.60 1021.40 1021.50 1021.40 1021.70
2018111000 T2 279.75 281.25 282.55 285.35 284.35 285.15 284.95 285.05 284.15 282.75 281.55 281.25 280.95 280.85 280.75 280.45 280.65 280.95 280.85 280.35 280.45 279.85 279.35 278.75
2018111000 RH2 31.00 28.00 26.00 21.00 19.00 18.00 20.00 20.00 22.00 33.00 39.00 42.00 48.00 44.00 52.00 53.00 50.00 52.00 53.00 58.00 48.00 55.00 67.00 74.00
2018111000 TD2 263.78 263.80 263.98 263.65 261.53 261.52 262.69 262.77 263.22 267.27 268.40 269.12 270.64 269.37 271.54 271.52 270.91 271.72 271.89 272.65 270.17 271.46 273.69 274.49
2018111100 SPD10 1.09 0.99 0.85 0.54 2.48 2.50 1.43 1.83 2.82 1.61 2.47 2.02 2.13 1.62 1.25 1.61 0.96 0.45 1.18 0.26 1.18 0.86 0.69 0.29
2018111100 DIR10 351.00 10.00 261.00 311.00 201.00 197.00 219.00 188.00 189.00 157.00 166.00 189.00 165.00 125.00 116.00 97.00 360.00 33.00 356.00 22.00 1.00 13.00 47.00 98.00
2018111100 SLP 1022.20 1022.30 1022.00 1021.60 1020.50 1019.60 1019.00 1018.70 1018.70 1018.50 1018.80 1019.40 1019.50 1019.70 1020.10 1019.90 1019.90 1019.90 1020.00 1019.80 1019.30 1019.40 1019.40 1019.80
2018111100 T2 279.85 282.15 283.85 285.45 286.55 286.95 287.85 288.05 287.45 285.45 283.75 282.75 281.85 279.75 279.15 277.95 276.85 276.85 276.25 275.25 275.05 274.75 274.15 274.05
2018111100 RH2 71.00 49.00 38.00 31.00 32.00 31.00 31.00 33.00 35.00 41.00 46.00 50.00 56.00 66.00 68.00 72.00 78.00 82.00 85.00 89.00 90.00 91.00 92.00 94.00
2018111100 TD2 274.98 272.03 270.14 268.84 270.24 270.17 270.97 272.00 272.27 272.63 272.65 272.87 273.59 273.87 273.70 273.34 273.37 274.07 273.98 273.63 273.58 273.44 273.00 273.19
2018111200 SPD10 0.68 1.53 0.85 0.93 1.27 2.54 3.19 3.47 3.15 1.51 1.52 1.20 1.59 0.49 0.66 0.92 0.69 0.93 0.36 0.72 0.96 0.30 0.37 0.51
2018111200 DIR10 354.00 357.00 298.00 104.00 219.00 194.00 194.00 192.00 161.00 156.00 125.00 137.00 87.00 148.00 34.00 73.00 45.00 11.00 34.00 37.00 347.00 325.00 130.00 7.00
2018111200 SLP 1020.50 1020.80 1020.50 1020.10 1019.20 1018.10 1017.60 1017.40 1017.30 1017.40 1017.60 1017.90 1018.00 1018.50 1018.60 1018.40 1018.50 1018.70 1018.60 1018.60 1018.50 1018.60 1018.90 1019.00
2018111200 T2 275.25 279.75 281.55 284.05 285.55 286.85 287.75 287.75 286.85 284.95 281.75 280.75 279.25 279.15 278.15 277.05 276.85 276.45 276.15 275.65 275.45 275.15 274.85 274.15
2018111200 RH2 92.00 71.00 63.00 53.00 48.00 43.00 42.00 41.00 45.00 55.00 69.00 72.00 80.00 82.00 88.00 90.00 94.00 94.00 93.00 96.00 96.00 96.00 96.00 97.00
2018111200 TD2 274.09 274.88 274.94 274.89 274.90 274.57 275.06 274.72 275.20 276.25 276.41 276.04 276.07 276.32 276.33 275.56 275.98 275.58 275.13 275.08 274.88 274.58 274.28 273.73
2018111300 SPD10 1.57 1.12 1.33 1.27 1.10 1.58 1.62 2.48 1.60 0.72 0.81 1.30 1.43 0.94 1.32 2.00 0.80 1.89 1.01 1.44 1.52 0.69 1.63 1.32
2018111300 DIR10 353.00 354.00 85.00 111.00 103.00 119.00 129.00 147.00 161.00 65.00 65.00 107.00 107.00 99.00 107.00 109.00 111.00 117.00 99.00 121.00 7.00 85.00 121.00 120.00
2018111300 SLP 1019.80 1020.20 1019.90 1019.80 1018.90 1018.00 1017.30 1017.20 1017.40 1017.50 1018.20 1018.60 1018.80 1019.30 1019.70 1019.60 1019.80 1019.70 1019.60 1019.20 1019.30 1019.40 1019.50 1019.80
2018111300 T2 275.25 278.55 280.55 281.75 282.75 284.15 285.05 285.15 284.45 282.85 281.15 282.65 282.25 280.25 280.05 281.45 280.15 279.85 278.25 277.15 278.65 277.75 278.05 279.15
2018111300 RH2 97.00 88.00 80.00 75.00 71.00 66.00 63.00 67.00 71.00 80.00 86.00 83.00 82.00 91.00 90.00 83.00 87.00 88.00 92.00 96.00 98.00 97.00 97.00 96.00
2018111300 TD2 274.82 276.73 277.34 277.59 277.78 278.08 278.28 279.26 279.42 279.59 278.96 279.93 279.36 278.89 278.53 278.75 278.14 278.01 277.06 276.57 278.36 277.32 277.62 278.56
2018111400 SPD10 1.60 1.55 1.78 1.81 1.81 2.34 0.97 2.08 2.70 2.98 2.40 0.88 1.30 1.35 0.69 0.98 0.72 0.23 0.63 1.09 1.81 2.12 2.16 2.15
2018111400 DIR10 125.00 133.00 137.00 128.00 163.00 163.00 131.00 162.00 190.00 166.00 166.00 64.00 136.00 134.00 90.00 106.00 91.00 50.00 52.00 8.00 354.00 2.00 13.00 360.00
2018111400 SLP 1020.60 1021.20 1021.10 1020.80 1020.10 1019.50 1018.90 1018.30 1018.40 1018.70 1019.20 1019.60 1020.30 1020.50 1021.30 1021.00 1021.00 1021.10 1021.30 1021.00 1020.90 1021.20 1021.50 1022.40
2018111400 T2 279.85 280.25 280.65 281.35 281.95 281.95 282.05 282.45 282.15 281.75 281.55 280.85 281.35 281.15 281.15 280.75 279.45 279.05 278.45 278.15 277.75 278.05 279.25 279.05
2018111400 RH2 96.00 95.00 93.00 90.00 86.00 86.00 85.00 83.00 85.00 86.00 84.00 84.00 84.00 86.00 86.00 88.00 93.00 96.00 95.00 97.00 97.00 98.00 96.00 90.00
2018111400 TD2 279.26 279.51 279.60 279.82 279.75 279.75 279.68 279.73 279.78 279.55 279.02 278.33 278.82 278.96 278.96 278.90 278.41 278.46 277.72 277.72 277.32 277.76 278.66 277.54
2018111500 SPD10 2.40 3.48 4.99 5.51 4.45 2.65 2.06 2.43 1.13 1.26 2.17 3.21 2.29 2.48 4.87 5.82 1.30 2.58 2.60 2.36 1.85 2.70 2.18 1.49
2018111500 DIR10 357.00 353.00 339.00 349.00 3.00 30.00 48.00 43.00 17.00 23.00 25.00 10.00 350.00 314.00 311.00 323.00 50.00 10.00 354.00 356.00 13.00 356.00 337.00 320.00
2018111500 SLP 1023.80 1024.40 1024.60 1024.30 1023.90 1023.70 1023.50 1023.60 1024.10 1024.80 1025.80 1027.00 1027.80 1028.70 1029.50 1029.70 1030.20 1030.20 1030.40 1030.30 1030.20 1030.40 1030.80 1031.00
2018111500 T2 279.95 281.65 282.55 282.65 282.45 283.25 283.85 283.35 283.35 282.55 282.35 281.15 278.15 278.65 279.05 277.55 275.65 274.85 273.05 272.35 273.45 271.35 271.35 273.15
2018111500 RH2 87.00 61.00 53.00 46.00 45.00 38.00 35.00 33.00 34.00 36.00 30.00 29.00 37.00 26.00 19.00 21.00 29.00 30.00 35.00 40.00 37.00 46.00 42.00 35.00
2018111500 TD2 277.95 274.59 273.48 271.63 271.15 269.59 269.03 267.80 268.20 268.24 265.66 264.16 264.62 260.57 257.04 256.98 259.30 259.01 259.31 261.58 260.37 262.23 261.20 259.40
2018111600 SPD10 2.74 3.27 3.63 3.20 3.51 4.93 5.24 4.66 2.74 2.11 1.23 1.30 0.33 0.78 0.97 0.67 1.87 0.51 0.83 1.75 0.53 1.14 1.25 0.69
2018111600 DIR10 29.00 7.00 342.00 335.00 333.00 325.00 311.00 305.00 310.00 301.00 103.00 241.00 151.00 16.00 46.00 359.00 356.00 5.00 19.00 360.00 335.00 290.00 2.00 331.00
2018111600 SLP 1031.50 1031.80 1031.20 1030.40 1028.90 1027.30 1026.20 1025.30 1025.00 1025.00 1025.50 1026.10 1025.70 1025.80 1025.80 1025.20 1024.80 1024.40 1024.40 1023.80 1023.80 1023.40 1023.40 1023.40
2018111600 T2 274.05 276.05 278.35 279.35 279.65 281.35 281.55 281.55 281.65 279.05 277.95 277.95 274.35 273.45 273.65 273.05 272.85 272.55 273.35 272.55 272.85 273.55 273.35 273.15
2018111600 RH2 34.00 27.00 22.00 19.00 18.00 14.00 13.00 13.00 13.00 16.00 23.00 24.00 47.00 55.00 53.00 48.00 62.00 51.00 51.00 56.00 64.00 51.00 54.00 54.00
2018111600 TD2 259.85 258.76 258.24 257.29 256.88 255.25 254.53 254.53 254.61 254.95 258.44 258.97 264.23 265.43 265.14 263.30 267.10 264.54 264.36 265.62 267.48 264.54 265.10 264.91
2018111700 SPD10 0.49 1.04 1.26 1.41 2.09 3.25 3.17 4.44 4.74 3.87 3.60 2.38 1.27 0.97 0.62 0.71 1.30 0.98 0.61 1.62 0.91 0.63 3.21 1.73
2018111700 DIR10 13.00 353.00 336.00 288.00 202.00 197.00 192.00 180.00 187.00 179.00 191.00 203.00 30.00 70.00 21.00 29.00 20.00 16.00 8.00 349.00 301.00 22.00 356.00 5.00
2018111700 SLP 1023.80 1023.90 1023.60 1022.70 1021.20 1020.00 1018.90 1018.50 1018.40 1018.50 1018.60 1019.10 1019.20 1019.80 1019.80 1019.60 1019.40 1019.50 1019.10 1019.20 1019.20 1019.00 1019.00 1019.30
2018111700 T2 273.95 276.45 278.75 280.25 282.35 283.75 284.45 284.55 282.75 280.95 280.25 280.25 276.05 275.55 274.65 274.35 274.45 273.35 272.95 271.85 273.25 272.05 272.25 271.65
2018111700 RH2 55.00 43.00 33.00 28.00 22.00 21.00 17.00 20.00 24.00 30.00 31.00 31.00 47.00 55.00 62.00 72.00 69.00 71.00 75.00 74.00 66.00 73.00 69.00 78.00
2018111700 TD2 265.90 265.02 263.69 262.92 261.67 262.28 260.21 262.35 263.13 264.42 264.22 264.22 265.81 267.41 268.14 269.86 269.38 268.70 269.46 268.23 267.63 268.26 267.79 268.66
2018111800 SPD10 3.29 1.19 5.87 5.79 7.20 6.83 9.34 9.22 7.27 6.12 3.57 3.38 2.66 1.37 0.56 0.42 1.63 0.85 1.01 2.46 2.02 0.94 1.13 0.86
2018111800 DIR10 2.00 239.00 291.00 276.00 271.00 286.00 282.00 284.00 286.00 279.00 279.00 313.00 299.00 6.00 340.00 43.00 352.00 6.00 186.00 336.00 34.00 87.00 10.00 328.00
2018111800 SLP 1020.20 1020.40 1020.10 1020.10 1019.00 1018.00 1017.60 1017.60 1017.80 1017.80 1018.60 1018.90 1019.30 1019.60 1020.20 1020.30 1020.60 1020.70 1020.80 1020.60 1020.50 1020.20 1020.30 1020.30
2018111800 T2 274.15 277.45 282.55 283.05 283.95 284.75 284.55 284.45 284.05 283.05 281.95 280.65 278.95 275.85 274.15 272.75 274.05 271.45 270.75 271.15 272.05 270.85 270.95 270.05
2018111800 RH2 66.00 49.00 16.00 15.00 14.00 13.00 13.00 13.00 13.00 14.00 16.00 17.00 24.00 35.00 41.00 49.00 44.00 52.00 69.00 59.00 53.00 66.00 64.00 74.00
2018111800 TD2 268.50 267.66 257.87 257.50 257.39 257.14 256.98 256.90 256.57 256.65 257.37 257.03 259.83 261.84 262.30 264.27 263.11 263.73 266.33 264.90 264.51 265.91 265.65 266.47
2018111900 SPD10 1.83 2.08 0.99 1.78 2.56 2.18 2.11 2.42 0.72 0.65 1.62 1.13 1.26 1.93 1.31 1.77 0.94 1.28 0.88 0.65 2.58 2.51 1.43 2.28
2018111900 DIR10 356.00 349.00 40.00 107.00 131.00 126.00 131.00 136.00 167.00 107.00 357.00 354.00 355.00 322.00 331.00 350.00 286.00 293.00 43.00 353.00 360.00 347.00 350.00 350.00
2018111900 SLP 1020.80 1021.10 1020.70 1020.30 1019.20 1017.50 1016.60 1016.00 1016.00 1015.80 1016.10 1016.60 1016.70 1017.30 1017.60 1017.70 1017.60 1017.60 1017.60 1017.70 1017.60 1018.00 1018.20 1018.80
2018111900 T2 273.25 275.95 279.25 279.75 281.05 282.45 283.05 283.05 282.55 279.85 278.25 275.85 276.05 275.35 273.85 274.05 273.25 273.35 272.65 271.55 273.55 272.05 273.15 272.35
2018111900 RH2 63.00 49.00 36.00 29.00 29.00 28.00 28.00 33.00 37.00 49.00 56.00 60.00 60.00 52.00 64.00 63.00 66.00 61.00 68.00 72.00 71.00 65.00 69.00 73.00
2018111900 TD2 267.02 266.26 265.26 262.92 264.07 264.85 265.38 267.53 268.60 269.89 270.19 268.85 269.04 266.48 267.80 267.78 267.63 266.69 268.00 267.61 268.89 266.89 268.13 268.55
2018112000 SPD10 2.55 2.42 1.40 2.71 1.66 1.18 2.45 1.61 1.97 0.92 0.85 0.83 1.31 1.03 2.21 1.67 1.33 1.08 0.80 0.42 1.01 0.45 4.87 1.10
2018112000 DIR10 351.00 335.00 26.00 345.00 327.00 1.00 3.00 49.00 90.00 122.00 77.00 252.00 15.00 52.00 12.00 123.00 108.00 119.00 37.00 348.00 74.00 128.00 318.00 53.00
2018112000 SLP 1019.90 1020.70 1021.00 1020.90 1020.20 1019.60 1019.20 1019.10 1019.70 1020.20 1021.20 1022.00 1022.50 1023.20 1024.10 1024.90 1025.50 1025.70 1025.90 1026.00 1025.80 1025.90 1025.80 1026.30
2018112000 T2 275.15 277.05 280.45 283.05 284.95 284.45 284.05 283.75 283.05 281.15 279.55 278.05 276.85 277.35 276.75 277.85 277.05 277.25 276.75 276.35 275.95 276.05 275.85 272.15
2018112000 RH2 70.00 61.00 36.00 24.00 22.00 20.00 20.00 22.00 22.00 26.00 30.00 39.00 44.00 47.00 45.00 60.00 69.00 68.00 71.00 77.00 74.00 70.00 24.00 45.00
2018112000 TD2 270.25 270.21 266.35 263.39 263.91 262.26 261.92 262.88 262.28 262.76 263.18 265.22 265.69 267.02 265.89 270.75 271.88 271.88 271.99 272.71 271.78 271.12 257.14 262.73
2018112100 SPD10 2.09 1.12 3.65 3.88 2.47 8.04 7.99 8.74 7.27 5.71 2.82 1.58 3.00 1.87 0.45 1.06 0.89 0.83 1.20 1.39 1.64 1.36 1.17 1.72
2018112100 DIR10 27.00 349.00 326.00 311.00 288.00 285.00 294.00 304.00 288.00 275.00 275.00 279.00 314.00 16.00 58.00 6.00 319.00 1.00 8.00 343.00 354.00 352.00 6.00 349.00
2018112100 SLP 1027.10 1027.60 1027.30 1026.80 1025.20 1023.50 1022.40 1021.80 1021.60 1021.90 1022.50 1023.10 1023.70 1024.40 1024.70 1024.70 1025.00 1024.90 1024.70 1024.80 1024.40 1024.60 1024.70 1025.30
2018112100 T2 275.75 278.75 279.95 280.35 280.25 281.45 282.25 282.05 281.65 280.75 278.65 276.75 278.25 275.95 272.55 271.65 274.05 270.95 269.55 270.95 269.45 270.25 268.35 268.85
2018112100 RH2 24.00 18.00 15.00 14.00 14.00 14.00 15.00 15.00 16.00 17.00 21.00 27.00 33.00 31.00 60.00 52.00 40.00 54.00 60.00 49.00 66.00 56.00 67.00 67.00
2018112100 TD2 257.05 256.12 254.93 254.43 254.35 255.34 256.83 256.67 257.12 257.11 257.92 259.38 263.24 260.40 266.43 263.91 261.90 263.69 263.56 262.58 264.56 263.44 263.67 264.16
2018112200 SPD10 2.09 2.29 3.45 3.21 2.81 3.19 1.78 2.86 3.03 2.05 1.52 1.48 1.16 0.49 0.81 1.09 1.13 1.78 1.39 1.01 1.30 1.00 1.63 0.98
2018112200 DIR10 355.00 354.00 357.00 11.00 30.00 350.00 225.00 185.00 154.00 148.00 125.00 137.00 112.00 37.00 72.00 81.00 80.00 78.00 114.00 21.00 6.00 349.00 17.00 6.00
2018112200 SLP 1026.00 1026.10 1026.10 1025.70 1024.50 1023.60 1022.50 1022.00 1021.70 1021.90 1022.30 1022.50 1022.60 1022.70 1022.60 1022.60 1022.50 1021.90 1021.80 1021.50 1021.00 1020.40 1019.90 1019.80
2018112200 T2 270.55 274.95 277.95 279.55 280.55 281.95 282.45 282.25 281.15 279.25 277.05 274.55 273.85 272.95 271.95 272.15 271.35 271.45 272.65 271.25 271.45 271.15 272.15 270.75
2018112200 RH2 63.00 43.00 28.00 20.00 19.00 15.00 16.00 16.00 18.00 22.00 32.00 47.00 45.00 49.00 51.00 51.00 62.00 55.00 52.00 62.00 58.00 58.00 57.00 63.00
2018112200 TD2 265.08 263.64 260.89 258.09 258.31 256.59 257.79 257.62 258.15 259.01 261.78 264.42 263.21 264.45 263.97 264.16 265.66 264.37 264.86 265.57 264.98 264.70 265.45 265.27
2018112300 SPD10 2.15 1.89 2.37 2.52 2.61 3.84 3.83 2.92 3.76 3.14 2.96 2.53 2.63 2.58 3.44 2.66 1.85 1.91 2.64 1.10 1.97 1.90 1.58 0.42
2018112300 DIR10 355.00 349.00 344.00 359.00 358.00 357.00 354.00 349.00 331.00 335.00 319.00 341.00 1.00 6.00 354.00 343.00 350.00 278.00 343.00 333.00 15.00 4.00 9.00 221.00
2018112300 SLP 1020.00 1019.80 1019.50 1018.50 1017.10 1016.00 1015.60 1015.60 1016.40 1017.10 1018.10 1018.70 1019.40 1019.80 1020.30 1020.30 1020.70 1021.00 1020.50 1021.00 1020.90 1021.30 1021.30 1021.30
2018112300 T2 271.15 274.05 275.25 276.35 277.45 278.05 278.55 279.45 279.35 277.65 275.95 275.55 275.05 274.75 273.75 273.45 272.35 272.95 272.35 271.95 272.35 270.55 272.05 270.35
2018112300 RH2 67.00 52.00 45.00 39.00 38.00 38.00 40.00 42.00 45.00 48.00 53.00 58.00 59.00 62.00 66.00 68.00 66.00 69.00 75.00 76.00 70.00 73.00 72.00 80.00
2018112300 TD2 266.38 265.26 264.51 263.67 264.34 264.88 266.00 267.47 268.29 267.57 267.30 268.11 267.87 268.24 268.11 268.22 267.36 268.46 268.87 268.64 268.05 266.80 268.10 267.69
2018112400 SPD10 3.58 1.89 1.27 1.39 3.15 2.31 2.95 3.57 3.13 3.90 3.77 1.06 0.57 0.64 0.50 0.37 2.03 0.44 0.99 1.78 0.44 1.76 2.43 2.25
2018112400 DIR10 3.00 7.00 271.00 236.00 227.00 220.00 203.00 195.00 169.00 191.00 211.00 181.00 53.00 75.00 46.00 67.00 1.00 101.00 17.00 351.00 285.00 347.00 358.00 344.00
2018112400 SLP 1022.20 1022.40 1022.60 1022.20 1021.10 1020.00 1019.00 1018.60 1018.40 1018.60 1019.00 1019.30 1019.30 1019.40 1019.30 1019.10 1018.80 1018.70 1018.80 1018.80 1018.50 1018.50 1018.50 1018.80
2018112400 T2 273.55 276.75 278.85 281.05 282.75 283.95 284.45 283.85 283.85 281.55 281.05 279.65 275.65 275.15 274.35 272.65 272.25 271.95 271.85 270.75 271.85 270.95 271.35 271.65
2018112400 RH2 69.00 54.00 41.00 28.00 27.00 29.00 26.00 30.00 31.00 33.00 38.00 47.00 65.00 67.00 73.00 85.00 79.00 85.00 77.00 88.00 71.00 76.00 73.00 71.00
2018112400 TD2 268.51 268.29 266.60 263.62 264.64 266.63 265.64 266.99 267.42 266.19 267.60 269.15 269.73 269.66 270.04 270.67 269.40 269.98 268.70 269.21 267.74 267.67 267.58 267.54
2018112500 SPD10 2.88 0.41 1.92 1.87 1.10 1.50 1.44 2.51 2.77 3.34 2.70 1.36 0.83 0.87 0.73 0.40 0.55 0.66 0.51 0.77 1.03 1.89 0.43 1.80
2018112500 DIR10 356.00 185.00 51.00 36.00 51.00 264.00 223.00 169.00 171.00 171.00 190.00 111.00 85.00 79.00 97.00 69.00 98.00 67.00 334.00 355.00 328.00 348.00 14.00 3.00
2018112500 SLP 1019.30 1019.50 1019.40 1019.00 1018.10 1017.60 1017.10 1016.70 1016.90 1016.70 1017.00 1017.50 1018.20 1018.30 1017.90 1017.70 1017.70 1017.40 1017.20 1016.90 1016.60 1016.70 1015.90 1016.20
2018112500 T2 271.65 276.35 278.75 282.05 285.25 286.65 287.05 286.95 285.25 282.75 280.65 279.15 276.75 275.15 274.65 273.45 272.95 274.15 273.85 272.25 271.25 270.75 270.65 271.35
2018112500 RH2 77.00 58.00 45.00 34.00 23.00 21.00 20.00 21.00 24.00 28.00 33.00 43.00 51.00 59.00 68.00 77.00 78.00 73.00 74.00 86.00 87.00 89.00 87.00 86.00
2018112500 TD2 268.50 268.87 267.74 267.03 264.74 264.76 264.47 265.02 265.29 265.11 265.39 267.50 267.54 267.96 269.38 269.89 269.93 269.85 269.74 270.42 269.57 269.35 268.98 269.53
2018112600 SPD10 0.48 0.77 0.67 1.31 1.02 1.56 1.39 1.18 0.80 0.73 1.88 1.11 0.66 1.39 1.19 1.64 1.93 3.24 1.32 0.88 6.26 7.42 5.64 5.11
2018112600 DIR10 22.00 8.00 269.00 100.00 103.00 340.00 75.00 33.00 9.00 288.00 357.00 21.00 141.00 306.00 296.00 350.00 10.00 355.00 301.00 60.00 315.00 319.00 282.00 279.00
2018112600 SLP 1016.70 1017.00 1017.10 1016.60 1016.10 1015.30 1014.70 1014.40 1014.60 1015.40 1015.90 1016.40 1016.60 1017.70 1018.80 1019.30 1020.00 1020.70 1021.40 1021.80 1022.20 1022.90 1023.60 1024.30
2018112600 T2 272.05 274.65 278.05 278.85 280.15 281.55 281.95 282.65 281.85 279.45 279.45 276.65 275.95 276.95 275.85 276.65 277.25 276.65 277.35 274.55 279.95 279.35 278.65 278.45
2018112600 RH2 85.00 82.00 69.00 72.00 66.00 56.00 57.00 52.00 53.00 61.00 65.00 78.00 78.00 77.00 81.00 76.00 71.00 71.00 63.00 79.00 16.00 14.00 15.00 15.00
2018112600 TD2 270.08 271.91 272.85 274.21 274.25 273.30 273.93 273.31 272.83 272.49 273.37 273.18 272.50 273.29 272.92 272.82 272.47 271.89 270.93 271.31 255.71 253.61 253.85 253.68
2018112700 SPD10 5.62 3.23 3.25 7.35 6.53 4.88 5.21 8.05 4.73 2.37 1.35 1.55 1.31 1.19 1.10 1.35 1.02 0.71 0.93 0.69 1.56 0.51 0.99 1.55
2018112700 DIR10 294.00 304.00 1.00 327.00 354.00 352.00 288.00 327.00 288.00 310.00 293.00 86.00 132.00 118.00 75.00 15.00 30.00 15.00 63.00 347.00 15.00 22.00 33.00 344.00
2018112700 SLP 1025.10 1025.70 1025.80 1025.60 1024.20 1023.30 1022.60 1021.90 1021.90 1021.90 1022.30 1022.60 1022.80 1022.80 1022.90 1022.90 1022.80 1022.80 1022.40 1022.40 1021.90 1021.70 1021.60 1021.50
2018112700 T2 278.55 279.25 281.05 282.05 282.15 283.05 283.25 283.45 282.85 281.05 278.75 276.85 275.25 274.35 273.55 272.65 272.35 271.15 270.95 270.25 270.65 269.65 269.95 269.15
2018112700 RH2 15.00 15.00 14.00 10.00 10.00 10.00 8.00 8.00 10.00 12.00 16.00 25.00 31.00 31.00 34.00 39.00 44.00 48.00 45.00 57.00 62.00 67.00 61.00 62.00
2018112700 TD2 253.77 254.35 255.01 251.82 251.90 252.62 250.17 250.33 252.46 253.17 254.70 258.51 259.77 258.97 259.40 261.57 262.66 262.53 261.61 263.64 264.99 264.93 264.13 263.55
2018112800 SPD10 2.26 1.73 1.46 1.89 1.36 1.37 1.32 1.43 1.67 0.71 0.99 0.64 1.48 2.53 3.52 3.31 2.18 0.56 1.86 1.77 2.84 2.25 1.23 1.83
2018112800 DIR10 1.00 344.00 359.00 87.00 127.00 71.00 354.00 344.00 8.00 194.00 15.00 22.00 5.00 5.00 351.00 1.00 327.00 340.00 326.00 315.00 335.00 337.00 344.00 8.00
2018112800 SLP 1021.80 1022.40 1022.30 1021.90 1020.90 1019.80 1019.30 1019.60 1019.80 1020.20 1021.20 1021.90 1022.40 1023.10 1023.40 1024.00 1024.30 1024.30 1024.90 1025.40 1025.70 1026.10 1026.30 1027.00
2018112800 T2 270.35 273.75 276.35 277.75 279.35 280.25 281.05 281.55 279.45 277.15 275.45 274.25 273.55 273.25 270.75 272.45 271.65 270.65 271.55 268.65 268.95 269.85 268.55 269.15
2018112800 RH2 56.00 47.00 32.00 29.00 29.00 27.00 23.00 22.00 27.00 32.00 39.00 44.00 53.00 53.00 60.00 53.00 51.00 73.00 49.00 64.00 62.00 60.00 66.00 66.00
2018112800 TD2 263.53 263.68 261.15 261.16 262.57 262.45 261.12 260.99 261.75 261.87 262.85 263.29 265.04 264.76 264.71 264.89 263.69 266.90 263.14 263.44 263.36 263.85 263.69 264.27
2018112900 SPD10 1.20 0.35 0.79 1.65 2.58 2.95 3.06 3.74 4.27 2.34 1.58 1.23 1.12 1.26 0.77 1.08 0.85 0.96 0.63 1.78 1.04 0.31 1.73 1.30
2018112900 DIR10 1.00 7.00 304.00 181.00 180.00 164.00 179.00 175.00 184.00 151.00 104.00 113.00 129.00 109.00 96.00 105.00 84.00 50.00 56.00 16.00 8.00 316.00 353.00 350.00
2018112900 SLP 1027.50 1028.10 1028.20 1027.90 1027.10 1026.30 1025.40 1025.10 1025.00 1025.10 1025.50 1025.50 1025.70 1025.70 1025.50 1025.10 1024.80 1024.50 1024.40 1024.00 1023.50 1023.60 1023.50 1023.70
2018112900 T2 268.95 275.05 277.45 278.85 279.75 280.65 280.85 280.25 279.25 277.25 275.35 273.25 272.55 271.65 271.15 271.25 271.55 272.25 270.85 271.45 271.65 270.65 269.85 270.75
2018112900 RH2 69.00 47.00 35.00 39.00 38.00 34.00 36.00 38.00 41.00 45.00 56.00 70.00 72.00 70.00 71.00 72.00 62.00 58.00 75.00 66.00 65.00 78.00 76.00 70.00
2018112900 TD2 264.59 264.88 263.28 265.94 266.42 265.78 266.71 266.88 266.97 266.35 267.46 268.42 268.58 267.38 267.06 267.32 265.86 265.75 267.41 266.49 266.50 267.68 266.59 266.50
2018113000 SPD10 0.82 0.72 0.68 1.03 1.26 0.84 0.97 0.65 0.54 0.83 1.01 0.83 0.66 2.00 0.81 0.77 1.35 1.68 1.69 1.05 0.66 1.77 2.27 0.41
2018113000 DIR10 26.00 63.00 261.00 314.00 276.00 285.00 127.00 4.00 104.00 88.00 53.00 67.00 20.00 357.00 184.00 50.00 280.00 7.00 346.00 13.00 34.00 352.00 1.00 202.00
2018113000 SLP 1023.90 1023.80 1023.80 1023.30 1022.40 1021.60 1020.80 1020.70 1020.80 1021.10 1021.70 1022.30 1022.90 1023.40 1024.00 1024.10 1024.50 1024.60 1024.80 1024.70 1024.20 1023.80 1023.80 1024.30
2018113000 T2 270.05 273.25 276.25 279.35 279.45 281.05 281.45 282.55 280.55 278.35 276.25 275.35 273.45 272.05 271.95 271.05 271.25 271.15 269.85 270.95 269.45 270.35 270.75 268.75
2018113000 RH2 74.00 65.00 51.00 40.00 39.00 36.00 35.00 33.00 39.00 48.00 57.00 62.00 69.00 72.00 81.00 78.00 82.00 76.00 80.00 76.00 83.00 83.00 82.00 89.00
2018113000 TD2 266.47 267.43 267.07 266.73 266.49 266.89 266.88 267.09 267.49 268.22 268.54 268.81 268.42 268.10 269.40 268.07 268.86 267.86 267.20 267.67 267.24 268.12 268.37 267.37
2018120100 SPD10 0.91 1.55 1.87 1.04 1.47 1.79 1.29 1.76 1.87 1.12 1.35 0.77 0.58 0.93 0.48 1.27 1.71 0.83 0.79 0.88 0.69 0.94 1.10 0.82
2018120100 DIR10 346.00 7.00 352.00 302.00 124.00 112.00 121.00 116.00 109.00 91.00 94.00 118.00 140.00 108.00 4.00 11.00 357.00 340.00 61.00 51.00 7.00 335.00 359.00 96.00
2018120100 SLP 1024.50 1024.90 1025.00 1024.50 1023.50 1022.40 1021.40 1020.90 1020.30 1019.90 1020.10 1020.30 1020.40 1019.70 1019.30 1018.80 1018.10 1017.60 1016.90 1015.80 1015.30 1014.60 1014.30 1014.30
2018120100 T2 270.15 273.25 276.45 278.15 279.65 280.35 280.65 280.15 279.75 278.25 277.35 277.95 278.15 278.25 278.05 277.75 277.85 277.75 277.35 277.45 277.35 277.15 277.15 277.25
2018120100 RH2 84.00 71.00 57.00 53.00 54.00 54.00 54.00 56.00 59.00 66.00 70.00 69.00 69.00 70.00 72.00 72.00 71.00 72.00 82.00 83.00 90.00 93.00 91.00 92.00
2018120100 TD2 268.07 268.60 268.73 269.36 271.02 271.68 271.96 271.98 272.32 272.43 272.37 272.75 272.94 273.24 273.43 273.14 273.05 273.14 274.56 274.82 275.86 276.12 275.82 276.07
2018120200 SPD10 1.51 1.90 1.03 1.00 1.50 1.19 1.69 1.90 1.02 1.05 2.09 2.03 2.52 2.36 3.72 1.46 3.03 2.33 2.25 3.86 3.61 3.46 3.48 3.79
2018120200 DIR10 353.00 352.00 4.00 3.00 349.00 325.00 340.00 338.00 15.00 300.00 335.00 339.00 324.00 321.00 302.00 338.00 342.00 350.00 350.00 358.00 358.00 8.00 1.00 9.00
2018120200 SLP 1014.60 1014.60 1014.80 1014.40 1013.70 1013.00 1012.80 1013.20 1013.30 1013.30 1013.80 1013.80 1014.60 1015.20 1016.00 1016.50 1016.40 1016.40 1017.10 1017.30 1017.50 1018.40 1018.90 1019.80
2018120200 T2 277.55 277.55 277.95 278.25 278.75 279.05 279.35 279.35 279.45 279.05 278.55 277.15 277.75 276.05 277.05 276.65 276.05 275.65 276.05 276.55 276.35 277.95 277.15 277.75
2018120200 RH2 91.00 94.00 94.00 92.00 90.00 87.00 87.00 87.00 85.00 87.00 87.00 91.00 92.00 94.00 96.00 96.00 96.00 95.00 96.00 73.00 47.00 33.00 34.00 25.00
2018120200 TD2 276.21 276.67 277.07 277.06 277.25 277.06 277.36 277.36 277.12 277.06 276.57 275.82 276.57 275.18 276.47 276.07 275.48 274.93 275.48 272.17 266.09 262.97 262.64 259.30
2018120300 SPD10 4.45 4.21 5.91 4.44 3.47 4.09 3.71 3.63 2.76 1.72 1.92 1.77 2.26 2.21 2.41 2.87 4.59 3.80 2.85 3.91 2.78 1.35 0.48 1.41
2018120300 DIR10 5.00 343.00 354.00 35.00 25.00 48.00 54.00 45.00 37.00 38.00 357.00 10.00 30.00 46.00 32.00 39.00 29.00 18.00 25.00 25.00 38.00 46.00 242.00 299.00
2018120300 SLP 1020.50 1021.60 1022.50 1022.80 1022.80 1022.20 1021.40 1021.40 1022.00 1023.00 1023.50 1024.30 1024.70 1025.20 1025.80 1025.70 1025.70 1026.00 1026.40 1026.70 1026.60 1026.90 1027.60 1028.00
2018120300 T2 277.15 277.35 278.65 278.85 280.35 280.05 280.25 279.25 278.75 277.85 274.65 276.65 276.85 276.25 275.95 275.75 275.65 274.75 274.25 274.05 273.05 272.05 270.05 270.35
2018120300 RH2 25.00 24.00 18.00 14.00 13.00 12.00 13.00 13.00 15.00 16.00 25.00 20.00 18.00 19.00 20.00 20.00 20.00 21.00 22.00 21.00 23.00 26.00 36.00 32.00
2018120300 TD2 258.78 258.44 256.04 253.20 253.55 252.36 253.47 252.65 253.93 253.95 256.59 255.62 254.52 254.66 255.02 254.85 254.76 254.58 254.70 253.97 254.20 256.54 258.29 257.27
2018120400 SPD10 2.58 4.28 5.41 5.60 4.32 6.10 8.41 7.80 8.57 4.66 3.40 3.69 2.31 0.62 0.86 1.08 1.12 1.41 0.33 0.44 0.81 1.42 1.32 0.65
2018120400 DIR10 324.00 306.00 308.00 339.00 327.00 293.00 285.00 283.00 281.00 283.00 285.00 309.00 4.00 165.00 4.00 30.00 8.00 347.00 220.00 90.00 43.00 356.00 40.00 354.00
2018120400 SLP 1028.70 1029.20 1029.30 1028.80 1028.20 1027.40 1026.90 1026.80 1027.00 1027.20 1027.50 1027.70 1028.40 1029.00 1029.00 1029.00 1028.40 1028.30 1028.50 1028.80 1028.00 1027.90 1027.20 1027.60
2018120400 T2 271.85 274.55 275.65 276.15 277.05 276.25 276.15 276.25 275.85 274.95 273.85 273.75 271.05 269.15 269.55 267.85 267.85 268.05 267.25 266.05 265.75 266.95 268.85 268.75
2018120400 RH2 27.00 21.00 19.00 17.00 16.00 15.00 13.00 13.00 13.00 14.00 15.00 15.00 26.00 39.00 36.00 52.00 49.00 59.00 63.00 63.00 65.00 69.00 50.00 46.00
2018120400 TD2 256.77 254.40 254.15 253.25 253.28 251.86 250.11 250.19 249.86 249.98 249.86 249.78 255.65 258.35 257.83 260.33 259.66 261.94 261.91 260.76 260.82 262.66 260.83 259.80
2018120500 SPD10 1.40 1.67 0.89 1.60 2.01 1.47 1.65 2.51 1.78 1.73 1.13 1.53 1.46 2.00 2.42 1.35 0.69 2.63 2.05 5.99 6.17 7.78 6.63 6.03
2018120500 DIR10 350.00 358.00 26.00 112.00 85.00 88.00 114.00 151.00 125.00 107.00 88.00 111.00 227.00 327.00 327.00 309.00 279.00 338.00 314.00 314.00 315.00 315.00 328.00 326.00
2018120500 SLP 1027.90 1028.00 1027.90 1027.20 1026.00 1024.60 1023.70 1023.30 1023.00 1023.80 1023.70 1024.10 1024.70 1025.00 1025.50 1025.70 1026.00 1026.10 1027.20 1027.90 1028.30 1029.00 1029.50 1030.50
2018120500 T2 268.65 270.15 271.05 272.55 272.95 273.65 274.55 275.35 274.65 274.45 273.95 272.55 271.05 271.75 269.65 269.95 270.35 269.35 269.75 271.95 271.05 270.35 269.45 268.15
2018120500 RH2 58.00 52.00 43.00 37.00 38.00 36.00 34.00 33.00 35.00 39.00 42.00 51.00 64.00 43.00 47.00 48.00 49.00 51.00 50.00 30.00 24.00 21.00 22.00 21.00
2018120500 TD2 262.32 262.50 261.19 260.88 261.55 260.21 260.30 260.64 260.75 261.94 262.42 264.54 265.75 261.84 260.89 261.40 262.01 261.52 261.68 258.01 254.79 252.75 252.45 250.83
2018120600 SPD10 9.24 9.73 9.17 9.94 11.32 9.13 8.98 8.30 8.66 6.91 5.44 4.15 3.46 4.31 3.71 4.42 5.43 4.90 4.91 3.49 4.70 5.00 3.97 3.67
2018120600 DIR10 319.00 318.00 317.00 320.00 326.00 325.00 316.00 321.00 324.00 331.00 340.00 350.00 332.00 333.00 322.00 322.00 340.00 330.00 330.00 333.00 316.00 315.00 351.00 351.00
2018120600 SLP 1031.90 1033.30 1033.90 1033.90 1033.30 1032.70 1032.60 1032.90 1033.20 1033.80 1034.40 1035.40 1035.90 1036.30 1036.80 1036.80 1036.80 1037.00 1037.20 1037.60 1037.70 1038.00 1038.50 1039.10
2018120600 T2 268.05 268.55 269.25 269.65 270.35 270.95 270.95 270.95 269.95 268.65 267.35 265.95 265.15 265.55 265.05 265.35 264.85 264.65 264.65 262.35 264.65 264.15 261.85 260.45
2018120600 RH2 17.00 15.00 14.00 13.00 10.00 8.00 9.00 9.00 10.00 11.00 13.00 15.00 16.00 16.00 17.00 17.00 19.00 19.00 19.00 23.00 19.00 20.00 26.00 24.00
2018120600 TD2 248.57 247.72 247.62 247.21 245.17 243.46 244.61 244.61 244.84 244.71 245.27 245.51 245.47 245.81 245.99 246.24 246.93 246.75 246.75 246.66 246.75 246.83 247.45 245.40
2018120700 SPD10 5.57 3.88 6.37 7.75 7.62 8.35 7.49 8.29 8.19 6.64 4.65 2.43 2.59 4.48 4.27 3.35 5.13 4.63 4.49 3.89 6.64 5.06 4.73 5.90
2018120700 DIR10 318.00 306.00 299.00 279.00 300.00 278.00 290.00 293.00 284.00 284.00 289.00 302.00 303.00 323.00 310.00 310.00 302.00 313.00 303.00 300.00 314.00 320.00 348.00 337.00
2018120700 SLP 1039.60 1040.20 1040.70 1040.10 1038.90 1037.80 1036.70 1036.00 1035.60 1035.70 1035.90 1036.10 1036.50 1036.60 1037.00 1037.60 1037.90 1038.10 1038.20 1037.90 1037.10 1037.20 1037.40 1037.90
2018120700 T2 263.15 264.55 264.95 265.05 266.15 265.95 266.35 266.75 266.85 266.45 266.25 265.65 264.95 264.65 265.25 264.65 264.75 264.25 263.85 263.25 263.25 262.75 262.05 262.35
2018120700 RH2 18.00 18.00 15.00 14.00 13.00 13.00 13.00 13.00 14.00 14.00 16.00 17.00 18.00 19.00 17.00 19.00 18.00 19.00 19.00 21.00 21.00 21.00 23.00 22.00
2018120700 TD2 244.91 246.13 244.66 244.06 244.26 244.09 244.43 244.77 245.59 245.25 246.41 246.50 246.47 246.75 246.16 246.75 246.30 246.41 246.06 246.54 246.54 246.10 246.39 246.21
2018120800 SPD10 5.94 6.89 8.43 9.01 7.67 7.16 8.10 6.60 5.96 3.79 0.71 1.00 3.11 1.87 0.63 0.39 0.40 0.83 1.64 0.33 0.38 0.60 2.51 1.63
2018120800 DIR10 323.00 320.00 317.00 319.00 312.00 291.00 291.00 299.00 292.00 303.00 289.00 279.00 315.00 3.00 315.00 355.00 73.00 104.00 351.00 90.00 82.00 245.00 331.00 350.00
2018120800 SLP 1038.50 1038.80 1039.10 1038.30 1037.30 1036.40 1035.50 1035.30 1035.30 1035.20 1035.40 1035.30 1035.30 1035.50 1035.80 1035.80 1035.70 1035.60 1035.40 1035.00 1034.40 1033.80 1033.90 1034.00
2018120800 T2 263.65 265.45 266.55 267.85 268.55 269.35 270.05 270.35 270.05 269.15 267.15 266.45 267.05 265.25 262.65 262.25 261.75 260.95 260.85 260.45 260.65 260.85 260.15 261.25
2018120800 RH2 21.00 19.00 16.00 15.00 14.00 14.00 13.00 12.00 12.00 14.00 18.00 23.00 20.00 26.00 55.00 40.00 47.00 55.00 52.00 61.00 59.00 72.00 63.00 66.00
2018120800 TD2 246.89 247.45 246.67 247.13 247.03 247.70 247.54 246.99 246.74 247.53 248.37 250.28 249.36 250.48 256.02 252.25 253.48 254.40 253.71 255.03 254.87 257.21 255.09 256.65
2018120900 SPD10 1.11 2.11 2.21 1.60 1.57 1.19 1.25 1.10 1.10 0.83 1.43 1.74 1.20 0.63 1.14 0.57 1.15 0.97 1.14 1.60 1.99 1.37 1.33 1.32
2018120900 DIR10 351.00 313.00 352.00 44.00 115.00 162.00 192.00 170.00 87.00 76.00 28.00 44.00 71.00 72.00 59.00 48.00 32.00 27.00 44.00 349.00 351.00 346.00 330.00 333.00
2018120900 SLP 1034.20 1034.90 1034.90 1034.40 1033.40 1032.00 1031.30 1030.90 1030.70 1030.70 1031.10 1031.30 1031.60 1031.90 1032.00 1032.40 1032.30 1032.20 1032.20 1032.40 1032.30 1032.20 1032.30 1032.60
2018120900 T2 261.45 264.55 266.15 268.45 270.65 271.35 271.75 271.85 272.05 270.55 269.15 269.25 268.05 266.95 266.35 264.95 264.75 264.45 263.55 263.65 262.55 262.55 262.75 262.75
2018120900 RH2 63.00 54.00 40.00 32.00 24.00 21.00 19.00 18.00 19.00 23.00 29.00 27.00 33.00 38.00 43.00 48.00 49.00 46.00 60.00 50.00 58.00 65.00 65.00 63.00
2018120900 TD2 256.34 257.62 255.85 255.55 254.43 253.63 252.92 252.43 253.18 253.89 255.12 254.45 255.52 256.04 256.82 256.71 256.75 255.78 257.82 255.93 256.50 257.74 257.93 257.59
2018121000 SPD10 2.14 2.37 2.78 2.22 1.66 1.22 1.42 1.40 1.77 0.84 0.90 0.49 0.19 0.74 1.59 2.18 2.54 2.08 3.11 2.43 1.65 1.60 6.54 7.26
2018121000 DIR10 359.00 345.00 356.00 353.00 6.00 129.00 124.00 157.00 146.00 100.00 94.00 80.00 31.00 10.00 347.00 356.00 354.00 321.00 345.00 319.00 335.00 334.00 311.00 294.00
2018121000 SLP 1033.20 1034.00 1034.20 1033.70 1032.80 1031.70 1031.20 1031.00 1031.10 1031.10 1031.30 1031.70 1031.70 1031.80 1032.20 1032.70 1032.80 1032.80 1032.90 1032.90 1032.70 1032.80 1033.10 1034.00
2018121000 T2 263.15 266.45 268.45 270.95 271.85 272.65 272.85 272.95 272.05 270.25 268.15 267.15 267.05 267.15 267.95 268.75 269.25 269.25 268.85 269.35 269.15 269.35 269.25 268.15
2018121000 RH2 61.00 56.00 43.00 31.00 26.00 24.00 23.00 24.00 26.00 37.00 55.00 52.00 51.00 63.00 47.00 45.00 39.00 36.00 41.00 42.00 38.00 40.00 19.00 16.00
2018121000 TD2 257.62 259.83 258.78 257.47 256.36 256.20 255.92 256.47 256.54 258.78 261.24 259.66 259.35 261.82 259.29 259.56 258.44 257.56 258.62 259.35 258.06 258.81 250.75 248.04
2018121100 SPD10 6.66 8.16 8.78 7.91 7.55 9.01 6.40 7.12 6.83 5.99 3.87 4.34 5.80 7.20 5.12 5.51 4.13 1.89 2.33 0.38 0.90 0.71 0.76 0.35
2018121100 DIR10 305.00 319.00 302.00 300.00 314.00 316.00 307.00 299.00 286.00 295.00 288.00 308.00 310.00 312.00 326.00 319.00 333.00 11.00 346.00 314.00 359.00 129.00 5.00 19.00
2018121100 SLP 1035.00 1035.50 1036.20 1036.00 1035.10 1034.30 1033.60 1033.40 1033.30 1033.00 1033.50 1033.80 1034.10 1034.30 1034.40 1034.30 1034.10 1033.90 1033.90 1033.70 1033.40 1032.50 1032.30 1032.20
2018121100 T2 267.25 268.05 268.45 269.35 270.75 271.35 271.95 271.75 271.35 270.55 270.15 270.05 270.45 270.65 269.35 269.75 267.85 268.35 265.35 263.55 262.35 261.55 261.65 261.35
2018121100 RH2 17.00 16.00 15.00 15.00 14.00 13.00 13.00 13.00 15.00 16.00 17.00 17.00 15.00 14.00 16.00 16.00 20.00 19.00 31.00 50.00 44.00 55.00 46.00 51.00
2018121100 TD2 247.88 247.95 247.64 248.40 248.89 248.64 249.14 248.97 250.10 250.09 250.37 250.29 249.34 248.80 249.06 249.41 250.06 249.97 252.41 255.84 253.35 254.97 253.16 253.97
2018121200 SPD10 0.92 0.34 0.86 0.98 1.74 2.33 3.54 3.65 4.68 4.10 3.88 3.44 3.64 1.61 1.20 1.71 4.17 4.84 1.39 3.36 4.01 1.27 4.77 5.44
2018121200 DIR10 7.00 216.00 172.00 294.00 183.00 233.00 223.00 194.00 185.00 194.00 176.00 222.00 245.00 26.00 338.00 5.00 14.00 340.00 42.00 17.00 324.00 259.00 315.00 314.00
2018121200 SLP 1032.20 1032.20 1031.90 1030.80 1029.30 1027.60 1026.40 1025.90 1025.70 1025.50 1025.90 1026.20 1026.20 1027.10 1028.00 1028.40 1028.80 1029.50 1030.10 1030.50 1031.00 1031.30 1031.70 1032.20
2018121200 T2 262.35 267.75 270.45 272.15 273.45 274.45 275.45 275.65 274.65 272.65 271.65 272.25 271.75 268.55 267.55 267.95 271.85 270.05 270.15 272.05 270.75 268.45 269.95 271.35
2018121200 RH2 54.00 40.00 28.00 21.00 19.00 16.00 15.00 13.00 14.00 16.00 22.00 21.00 22.00 31.00 38.00 36.00 25.00 31.00 29.00 23.00 24.00 30.00 27.00 23.00
2018121200 TD2 255.53 257.33 255.91 254.33 252.28 251.11 251.19 249.70 249.73 251.88 254.38 254.41 254.47 255.30 256.59 256.37 255.93 256.66 256.02 255.21 254.52 254.86 255.07 254.60
2018121300 SPD10 1.48 2.75 3.59 6.13 5.61 5.81 3.17 2.38 2.34 0.99 0.87 0.45 0.76 0.70 1.42 0.41 0.89 0.25 0.50 0.79 1.14 0.79 1.09 1.79
2018121300 DIR10 89.00 12.00 333.00 342.00 321.00 323.00 356.00 68.00 85.00 88.00 88.00 60.00 151.00 42.00 13.00 62.00 62.00 10.00 106.00 35.00 23.00 15.00 9.00 5.00
2018121300 SLP 1033.30 1034.20 1034.50 1034.40 1033.50 1032.50 1032.00 1032.00 1032.30 1032.70 1033.30 1033.70 1034.20 1034.50 1035.00 1035.20 1035.20 1035.20 1035.40 1035.60 1035.40 1035.00 1035.00 1035.10
2018121300 T2 269.75 271.45 274.75 275.95 276.85 277.55 277.45 276.75 275.95 273.85 271.25 269.45 268.85 268.35 267.45 266.55 266.35 265.95 264.35 264.25 264.55 264.35 263.25 264.75
2018121300 RH2 32.00 29.00 23.00 17.00 16.00 15.00 15.00 17.00 17.00 22.00 27.00 38.00 42.00 44.00 46.00 56.00 55.00 55.00 71.00 70.00 66.00 66.00 77.00 62.00
2018121300 TD2 256.73 257.19 255.67 253.08 253.12 252.94 252.85 253.75 253.08 254.36 256.23 258.34 258.89 258.94 258.59 259.92 259.53 259.15 260.46 260.20 259.84 259.64 260.29 259.33
2018121400 SPD10 0.82 1.30 1.24 0.84 0.99 1.21 0.75 0.79 1.05 2.88 1.27 1.21 1.13 1.14 1.44 0.63 1.35 0.96 1.06 0.81 0.44 1.32 0.69 1.68
2018121400 DIR10 17.00 352.00 343.00 77.00 169.00 141.00 205.00 61.00 321.00 2.00 25.00 79.00 64.00 6.00 353.00 28.00 82.00 323.00 10.00 10.00 306.00 4.00 241.00 355.00
2018121400 SLP 1035.30 1035.70 1035.90 1035.30 1034.20 1033.00 1032.20 1031.60 1031.40 1031.30 1031.60 1031.30 1031.50 1031.20 1031.20 1030.90 1030.30 1029.90 1029.70 1029.10 1028.10 1027.60 1027.20 1027.40
2018121400 T2 263.75 267.95 270.65 271.65 273.05 274.05 275.25 275.45 275.45 270.95 270.75 269.35 270.15 267.95 268.15 266.05 265.65 266.75 265.75 264.85 264.35 264.25 263.95 264.45
2018121400 RH2 65.00 56.00 40.00 33.00 30.00 29.00 26.00 25.00 24.00 36.00 39.00 46.00 43.00 54.00 57.00 65.00 65.00 59.00 58.00 74.00 69.00 68.00 71.00 67.00
2018121400 TD2 258.90 261.25 260.01 258.79 257.41 257.88 257.60 257.29 256.79 259.11 259.82 260.36 260.35 260.84 261.64 261.11 260.73 260.70 259.55 261.41 260.14 259.88 260.07 259.91
2018121500 SPD10 0.38 1.32 0.58 1.82 0.77 0.85 0.76 2.09 1.17 0.60 1.64 0.43 0.96 0.84 0.40 0.41 0.89 1.77 1.02 1.77 0.32 1.58 1.29 1.96
2018121500 DIR10 10.00 356.00 192.00 352.00 279.00 335.00 104.00 167.00 162.00 106.00 165.00 86.00 94.00 51.00 189.00 325.00 30.00 324.00 356.00 332.00 289.00 326.00 349.00 352.00
2018121500 SLP 1027.00 1027.20 1027.10 1026.20 1024.80 1023.60 1022.50 1021.90 1021.80 1021.80 1022.00 1022.20 1022.00 1021.70 1021.60 1021.60 1021.30 1020.20 1020.10 1020.00 1019.50 1019.00 1018.70 1018.60
2018121500 T2 264.05 268.45 270.45 272.85 273.15 274.55 275.15 274.75 273.95 273.15 272.15 271.85 271.45 270.95 271.05 269.35 267.95 268.25 268.45 265.95 265.95 265.95 267.75 266.65
2018121500 RH2 69.00 64.00 54.00 43.00 38.00 33.00 31.00 34.00 36.00 40.00 44.00 46.00 51.00 54.00 56.00 65.00 64.00 64.00 61.00 73.00 65.00 67.00 58.00 64.00
2018121500 TD2 259.85 263.25 263.21 262.86 260.43 259.93 259.68 260.48 260.48 261.07 262.47 262.70 263.50 263.69 264.20 264.29 262.76 263.05 262.70 262.33 261.02 261.36 261.46 261.51
2018121600 SPD10 0.68 0.96 1.14 1.49 8.06 10.74 9.16 8.21 6.61 4.26 1.22 3.63 3.18 3.54 4.42 4.70 2.69 2.31 0.63 0.28 1.53 0.56 1.25 0.83
2018121600 DIR10 279.00 346.00 285.00 300.00 282.00 277.00 281.00 281.00 287.00 275.00 313.00 307.00 308.00 308.00 329.00 340.00 301.00 321.00 305.00 147.00 163.00 128.00 278.00 115.00
2018121600 SLP 1018.90 1019.20 1019.20 1018.70 1017.40 1016.20 1015.70 1015.40 1015.60 1015.90 1016.50 1017.10 1017.90 1018.50 1019.10 1019.30 1019.30 1019.40 1019.60 1019.50 1019.10 1019.00 1018.70 1019.30
2018121600 T2 266.35 270.45 272.85 276.85 280.75 281.25 281.45 281.55 280.95 279.05 277.55 278.35 277.15 274.95 273.45 275.55 275.15 272.65 270.65 268.25 266.75 266.65 267.65 267.35
2018121600 RH2 63.00 58.00 45.00 33.00 21.00 18.00 17.00 17.00 18.00 20.00 22.00 22.00 22.00 27.00 28.00 23.00 23.00 30.00 35.00 52.00 48.00 59.00 50.00 52.00
2018121600 TD2 261.05 264.03 263.38 261.99 259.72 258.23 257.70 257.78 257.98 257.66 257.55 258.24 257.20 257.80 256.92 256.36 256.02 258.64 258.53 260.70 258.40 260.60 259.70 259.85
2018121700 SPD10 0.57 2.28 0.56 1.36 1.03 6.84 6.29 6.56 5.25 5.25 4.02 3.50 1.42 2.03 1.16 1.05 0.97 0.76 1.39 1.46 1.05 2.15 0.97 1.07
2018121700 DIR10 36.00 4.00 241.00 316.00 295.00 274.00 287.00 286.00 207.00 212.00 219.00 200.00 154.00 187.00 6.00 15.00 48.00 41.00 20.00 339.00 300.00 301.00 333.00 344.00
2018121700 SLP 1019.90 1020.50 1020.90 1020.20 1019.00 1017.80 1017.10 1016.50 1016.60 1016.40 1016.70 1016.80 1016.70 1016.40 1016.30 1016.20 1016.10 1015.90 1016.00 1015.90 1015.40 1016.20 1016.20 1016.90
2018121700 T2 267.55 273.55 277.75 279.35 281.65 282.05 282.45 282.35 280.95 279.45 277.85 277.15 274.65 273.65 271.35 269.85 269.15 267.95 268.25 268.45 267.75 267.65 267.15 267.95
2018121700 RH2 53.00 35.00 26.00 21.00 18.00 16.00 15.00 15.00 18.00 19.00 22.00 25.00 32.00 35.00 44.00 51.00 58.00 60.00 57.00 60.00 61.00 58.00 62.00 60.00
2018121700 TD2 260.26 259.76 259.79 258.52 258.57 257.46 257.00 256.92 257.98 257.37 257.81 258.78 259.63 259.85 261.73 261.99 262.79 262.03 261.74 262.51 262.03 261.36 261.64 262.03
2018121800 SPD10 1.06 1.73 2.52 2.75 4.10 3.71 3.11 3.08 2.12 1.49 0.73 1.25 1.85 0.27 0.38 1.29 2.29 0.89 0.47 0.84 1.61 2.30 1.33 2.69
2018121800 DIR10 29.00 8.00 343.00 341.00 316.00 357.00 35.00 52.00 22.00 18.00 54.00 12.00 1.00 168.00 327.00 357.00 7.00 33.00 75.00 8.00 357.00 350.00 341.00 354.00
2018121800 SLP 1017.50 1018.10 1018.90 1018.40 1017.10 1016.00 1015.10 1014.50 1014.60 1015.00 1015.50 1015.90 1016.30 1016.50 1016.80 1016.80 1017.00 1017.20 1017.30 1017.30 1017.10 1017.40 1017.70 1018.10
2018121800 T2 267.25 272.45 280.25 281.85 282.35 282.15 282.05 281.45 280.85 277.25 274.75 272.75 270.95 270.35 269.65 268.45 270.35 267.65 268.65 268.45 268.05 267.35 267.05 267.85
2018121800 RH2 65.00 48.00 24.00 20.00 18.00 18.00 19.00 18.00 19.00 24.00 32.00 43.00 44.00 63.00 51.00 66.00 51.00 58.00 58.00 61.00 68.00 63.00 68.00 61.00
2018121800 TD2 262.27 263.75 260.96 260.05 259.16 258.99 259.58 258.40 258.56 258.36 259.72 262.77 261.36 264.89 261.81 263.60 262.47 261.36 262.32 262.70 263.55 262.01 262.59 262.12
2018121900 SPD10 1.56 1.30 1.34 1.53 2.08 1.28 1.05 1.34 2.08 0.77 1.53 1.08 0.58 1.23 1.02 1.31 2.12 1.37 0.38 1.43 1.49 1.27 1.09 1.78
2018121900 DIR10 349.00 354.00 289.00 17.00 26.00 77.00 295.00 275.00 10.00 33.00 30.00 172.00 351.00 296.00 356.00 28.00 348.00 350.00 50.00 352.00 341.00 336.00 316.00 358.00
2018121900 SLP 1018.80 1019.30 1019.90 1019.50 1018.70 1018.00 1017.70 1017.30 1017.50 1017.70 1018.30 1019.00 1019.20 1019.30 1019.90 1020.30 1020.10 1020.00 1020.00 1020.20 1019.70 1019.50 1019.40 1019.70
2018121900 T2 267.35 271.55 274.15 278.55 280.15 281.65 282.55 282.45 280.95 277.75 275.45 271.95 271.65 270.85 270.25 269.95 269.95 269.55 268.25 268.25 269.15 268.75 267.85 268.65
2018121900 RH2 61.00 54.00 42.00 31.00 29.00 26.00 24.00 24.00 27.00 33.00 41.00 58.00 57.00 59.00 58.00 61.00 63.00 63.00 75.00 73.00 69.00 70.00 75.00 70.00
2018121900 TD2 261.64 264.25 262.61 262.71 263.28 263.20 262.95 262.87 263.07 262.79 263.49 265.46 264.97 264.61 263.84 264.13 264.51 264.12 264.88 264.56 264.79 264.57 264.49 264.47
2018122000 SPD10 0.48 0.63 1.08 1.88 0.92 1.68 0.93 1.59 1.11 1.69 2.39 1.46 0.59 0.74 2.23 1.02 0.79 1.01 1.11 1.20 1.40 0.91 1.43 2.20
2018122000 DIR10 42.00 26.00 17.00 98.00 123.00 87.00 80.00 113.00 141.00 111.00 116.00 119.00 220.00 52.00 348.00 39.00 116.00 63.00 320.00 9.00 327.00 295.00 336.00 331.00
2018122000 SLP 1020.40 1020.90 1021.20 1020.60 1019.90 1018.70 1017.90 1017.70 1017.70 1017.30 1017.00 1017.00 1017.20 1017.50 1017.90 1017.30 1017.20 1017.80 1018.10 1018.70 1018.20 1018.40 1018.60 1019.30
2018122000 T2 268.45 270.45 273.75 275.55 276.55 277.55 278.35 279.35 278.95 278.55 277.95 277.35 276.65 275.75 275.55 275.85 274.35 273.95 272.15 271.55 269.45 271.15 269.75 270.35
2018122000 RH2 77.00 75.00 50.00 42.00 39.00 38.00 36.00 34.00 34.00 35.00 37.00 37.00 41.00 47.00 47.00 45.00 53.00 56.00 59.00 61.00 70.00 62.00 70.00 67.00
2018122000 TD2 265.38 267.02 264.48 263.89 263.85 264.43 264.45 264.61 264.25 264.27 264.44 263.90 264.59 265.53 265.35 265.06 265.79 266.14 265.85 265.67 265.24 265.47 265.53 265.60
2018122100 SPD10 2.61 2.81 3.17 2.90 4.84 4.50 2.88 3.00 2.42 3.29 1.40 3.70 1.81 1.29 0.79 0.71 0.67 0.78 0.39 1.92 1.90 3.61 3.46 1.84
2018122100 DIR10 352.00 337.00 330.00 281.00 295.00 293.00 273.00 301.00 306.00 243.00 141.00 218.00 250.00 271.00 268.00 131.00 41.00 24.00 16.00 360.00 355.00 349.00 358.00 5.00
2018122100 SLP 1020.40 1021.30 1021.60 1021.40 1020.60 1020.00 1019.50 1019.40 1019.20 1019.30 1020.40 1021.00 1021.30 1021.70 1022.10 1022.60 1022.70 1022.70 1023.30 1023.30 1023.10 1023.00 1023.00 1023.10
2018122100 T2 268.05 273.75 278.55 279.95 282.05 281.35 281.65 281.45 281.05 279.65 277.85 277.75 276.85 275.15 277.25 273.25 273.45 272.75 272.35 270.95 271.75 271.45 272.35 271.85
2018122100 RH2 72.00 62.00 38.00 28.00 22.00 22.00 20.00 19.00 18.00 21.00 29.00 37.00 39.00 44.00 38.00 58.00 53.00 53.00 62.00 66.00 62.00 59.00 54.00 54.00
2018122100 TD2 264.21 267.29 265.33 262.65 261.42 260.82 259.88 259.07 258.06 258.78 261.24 264.26 264.12 264.12 264.15 265.93 264.95 265.17 266.62 266.01 266.05 265.18 265.01 264.54
2018122200 SPD10 2.78 2.71 2.49 2.72 1.86 3.91 3.64 4.16 3.65 4.01 4.27 2.08 3.62 7.83 5.69 7.42 5.77 5.64 9.51 9.41 9.44 10.10 5.62 5.53
2018122200 DIR10 360.00 341.00 358.00 4.00 15.00 350.00 341.00 322.00 285.00 300.00 320.00 348.00 326.00 352.00 356.00 342.00 340.00 333.00 353.00 343.00 317.00 317.00 316.00 314.00
2018122200 SLP 1023.80 1024.80 1025.50 1025.10 1024.40 1024.00 1023.70 1023.70 1023.90 1024.30 1025.20 1025.70 1026.60 1028.20 1029.50 1030.50 1031.50 1032.10 1032.70 1033.40 1033.30 1033.10 1033.90 1034.30
2018122200 T2 273.55 275.45 276.35 278.55 280.05 281.35 282.15 281.35 280.85 280.25 277.65 275.45 273.05 276.95 275.55 274.25 273.75 271.65 270.85 269.55 268.75 267.95 266.95 266.65
2018122200 RH2 45.00 39.00 36.00 29.00 24.00 19.00 16.00 17.00 19.00 21.00 23.00 27.00 34.00 26.00 24.00 23.00 20.00 19.00 18.00 16.00 15.00 12.00 14.00 14.00
2018122200 TD2 262.94 262.85 262.65 261.86 260.79 258.99 257.54 257.61 258.56 259.29 258.18 258.24 258.95 259.09 256.88 255.24 253.14 252.83 251.57 249.23 247.89 244.98 245.67 245.42
2018122300 SPD10 6.31 8.30 6.72 6.86 6.44 4.09 5.05 4.35 2.69 0.16 4.28 2.49 2.18 1.51 0.78 1.04 1.67 1.24 1.00 1.31 0.35 0.89 1.42 0.44
2018122300 DIR10 314.00 319.00 331.00 323.00 324.00 315.00 322.00 335.00 313.00 350.00 212.00 235.00 231.00 120.00 115.00 38.00 348.00 351.00 347.00 347.00 10.00 352.00 10.00 198.00
2018122300 SLP 1034.80 1035.30 1035.50 1034.90 1033.60 1032.50 1031.70 1030.90 1030.20 1029.80 1029.70 1029.40 1029.40 1029.10 1028.90 1028.80 1028.50 1028.40 1028.10 1027.80 1027.20 1026.30 1025.70 1025.90
2018122300 T2 266.65 268.15 270.05 271.15 272.35 272.85 273.95 274.05 273.75 271.45 271.55 270.25 270.75 268.35 265.05 264.35 264.85 264.05 262.65 262.05 261.55 260.65 261.55 261.05
2018122300 RH2 14.00 13.00 12.00 11.00 10.00 9.00 8.00 8.00 8.00 11.00 13.00 14.00 16.00 24.00 47.00 41.00 43.00 43.00 56.00 53.00 59.00 75.00 66.00 68.00
2018122300 TD2 245.42 245.95 246.74 246.78 246.81 246.16 242.89 242.97 242.73 247.03 248.80 248.47 250.26 252.40 256.58 254.45 255.43 254.68 256.21 255.05 255.73 257.46 256.94 256.78
2018122400 SPD10 2.13 2.31 1.57 0.87 1.85 1.09 1.70 2.81 3.41 2.16 2.24 1.58 1.32 0.91 1.41 1.04 1.23 1.79 2.39 2.21 1.63 3.03 4.23 5.20
2018122400 DIR10 333.00 344.00 344.00 272.00 203.00 205.00 204.00 168.00 169.00 149.00 150.00 133.00 112.00 85.00 18.00 78.00 341.00 358.00 355.00 6.00 1.00 4.00 338.00 301.00
2018122400 SLP 1025.90 1025.80 1025.40 1024.60 1023.30 1021.80 1020.50 1020.00 1019.50 1019.60 1019.10 1019.00 1019.00 1018.80 1018.70 1019.10 1019.40 1019.20 1019.30 1019.80 1019.50 1019.50 1019.90 1020.40
2018122400 T2 261.45 266.25 268.75 269.95 272.35 273.75 274.35 274.85 273.85 272.15 270.95 267.85 267.85 266.35 265.25 265.05 265.45 264.55 265.55 264.45 265.95 266.05 263.15 270.25
2018122400 RH2 68.00 46.00 32.00 24.00 17.00 17.00 15.00 14.00 16.00 20.00 26.00 36.00 38.00 48.00 47.00 53.00 57.00 52.00 49.00 51.00 44.00 47.00 56.00 28.00
2018122400 TD2 257.17 257.47 255.82 253.81 252.26 251.23 250.28 249.89 250.61 253.81 255.56 256.28 256.86 258.03 256.76 257.89 259.07 257.21 257.50 256.90 256.70 257.51 256.69 255.73
2018122500 SPD10 8.14 4.48 3.25 3.46 9.13 7.67 7.50 5.38 4.72 3.66 3.42 3.11 5.25 4.52 3.58 3.75 4.88 4.45 4.33 4.45 3.04 3.83 4.71 3.44
2018122500 DIR10 309.00 298.00 15.00 7.00 331.00 323.00 326.00 307.00 315.00 342.00 13.00 20.00 21.00 21.00 45.00 33.00 27.00 35.00 38.00 40.00 44.00 23.00 27.00 19.00
2018122500 SLP 1021.40 1022.70 1023.40 1023.50 1023.10 1022.30 1022.30 1023.00 1023.50 1024.30 1025.10 1025.70 1026.60 1027.40 1028.70 1029.30 1029.40 1029.80 1030.00 1030.40 1030.50 1030.60 1030.80 1031.70
2018122500 T2 272.35 273.25 273.85 274.75 277.15 277.35 277.85 277.15 276.15 272.35 273.25 272.85 272.85 271.55 270.55 270.05 269.65 268.75 268.15 267.55 267.05 266.85 266.65 265.95
2018122500 RH2 20.00 20.00 20.00 20.00 13.00 12.00 12.00 13.00 15.00 20.00 19.00 19.00 18.00 17.00 15.00 13.00 14.00 14.00 16.00 18.00 17.00 17.00 18.00 20.00
2018122500 TD2 253.98 252.71 253.22 253.99 250.93 250.16 250.57 250.93 251.77 253.98 252.11 253.87 253.29 251.57 249.42 247.54 247.96 247.20 248.04 248.72 247.71 247.54 247.94 248.41
2018122600 SPD10 4.52 4.47 5.15 3.95 2.93 2.48 0.83 0.94 0.38 0.51 0.96 0.62 0.95 0.79 1.71 3.66 3.58 6.95 5.35 5.52 6.70 5.55 5.30 4.73
2018122600 DIR10 24.00 17.00 25.00 27.00 23.00 357.00 206.00 298.00 206.00 4.00 50.00 94.00 347.00 28.00 23.00 5.00 325.00 347.00 352.00 352.00 350.00 4.00 354.00 347.00
2018122600 SLP 1032.30 1033.20 1033.50 1033.20 1032.50 1031.30 1030.60 1030.40 1030.50 1030.90 1031.50 1032.00 1032.50 1033.20 1034.20 1034.90 1035.70 1036.10 1037.30 1038.10 1038.40 1038.60 1038.90 1039.70
2018122600 T2 265.75 266.45 267.55 268.85 269.15 269.85 270.95 271.25 270.95 268.65 266.15 265.05 265.35 263.35 264.75 266.15 265.15 265.95 265.15 264.45 263.35 262.65 261.95 261.25
2018122600 RH2 20.00 20.00 18.00 15.00 14.00 13.00 13.00 12.00 13.00 16.00 29.00 44.00 32.00 63.00 33.00 26.00 23.00 12.00 14.00 15.00 14.00 13.00 14.00 14.00
2018122600 TD2 248.23 248.84 248.72 247.98 247.53 247.38 248.30 247.74 248.30 248.46 252.43 255.86 252.74 258.17 252.52 251.28 249.13 243.31 244.15 244.23 242.62 241.31 241.43 240.84
2018122700 SPD10 3.77 5.76 7.52 11.54 8.07 9.37 10.04 9.52 9.42 10.15 11.91 11.27 13.58 10.01 11.00 9.07 10.09 10.06 6.18 8.07 5.76 6.62 6.96 6.47
2018122700 DIR10 351.00 347.00 318.00 332.00 338.00 325.00 321.00 329.00 323.00 324.00 322.00 334.00 321.00 318.00 317.00 323.00 324.00 333.00 339.00 335.00 334.00 313.00 330.00 330.00
2018122700 SLP 1040.90 1041.60 1042.10 1040.60 1039.50 1038.30 1038.10 1038.00 1038.00 1038.10 1038.30 1038.90 1038.90 1040.10 1040.70 1041.30 1041.40 1041.00 1041.30 1041.40 1041.40 1042.30 1042.40 1043.10
2018122700 T2 261.05 261.35 261.85 263.85 265.25 266.05 266.45 266.45 265.75 264.75 264.55 263.85 263.45 262.95 262.75 262.35 262.25 262.15 261.25 261.55 260.85 261.25 260.85 260.75
2018122700 RH2 14.00 13.00 13.00 10.00 10.00 9.00 9.00 9.00 10.00 10.00 10.00 11.00 11.00 12.00 13.00 14.00 15.00 16.00 18.00 18.00 19.00 19.00 20.00 20.00
2018122700 TD2 240.67 240.21 240.64 239.81 240.96 240.61 240.94 240.94 241.38 240.55 240.39 240.72 240.38 240.80 241.40 241.77 242.35 242.89 243.27 243.53 243.45 243.80 243.95 243.86
2018122800 SPD10 4.32 7.06 8.12 7.17 7.57 8.01 6.57 7.02 6.28 5.45 5.66 4.55 4.28 2.34 5.35 2.80 2.68 2.32 4.06 7.15 6.68 4.33 4.71 3.41
2018122800 DIR10 328.00 324.00 315.00 316.00 316.00 306.00 304.00 307.00 291.00 294.00 278.00 267.00 301.00 282.00 283.00 297.00 257.00 299.00 292.00 317.00 312.00 290.00 321.00 329.00
2018122800 SLP 1043.40 1044.00 1043.70 1043.30 1041.50 1039.90 1039.50 1039.00 1038.80 1038.90 1039.20 1039.00 1039.30 1039.50 1039.70 1039.70 1039.70 1039.80 1039.30 1039.40 1039.10 1039.10 1039.60 1040.40
2018122800 T2 260.75 262.65 263.95 265.05 265.85 266.85 267.85 268.05 267.45 266.95 266.85 266.15 266.05 265.85 266.65 265.15 264.05 265.95 265.65 266.65 266.15 264.35 264.55 263.45
2018122800 RH2 22.00 19.00 17.00 16.00 15.00 15.00 13.00 13.00 14.00 16.00 16.00 18.00 18.00 18.00 17.00 19.00 20.00 18.00 18.00 14.00 15.00 19.00 17.00 20.00
2018122800 TD2 244.80 245.01 245.04 245.38 245.42 246.28 245.69 245.86 246.10 247.01 246.92 247.51 247.42 247.25 247.36 247.19 246.75 247.34 247.08 245.42 245.68 246.49 245.56 246.22
2018122900 SPD10 4.00 3.93 7.77 7.55 6.15 5.80 1.95 2.50 1.64 1.21 0.43 0.51 1.30 0.97 1.78 3.59 3.19 3.51 4.02 4.35 1.98 1.86 2.40 2.59
2018122900 DIR10 342.00 337.00 319.00 320.00 318.00 298.00 48.00 78.00 28.00 71.00 112.00 60.00 22.00 57.00 34.00 22.00 12.00 20.00 28.00 29.00 43.00 46.00 16.00 359.00
2018122900 SLP 1040.90 1041.40 1041.50 1040.90 1039.90 1038.50 1038.10 1038.00 1038.10 1038.60 1039.30 1040.00 1040.30 1040.60 1041.00 1041.30 1041.60 1041.20 1040.90 1040.90 1041.10 1041.00 1041.00 1041.50
2018122900 T2 263.05 267.55 268.75 269.35 270.35 270.85 270.65 270.65 270.55 269.55 266.55 264.85 263.55 262.25 262.55 266.85 266.05 266.05 266.05 265.85 265.35 264.75 263.85 260.95
2018122900 RH2 23.00 15.00 13.00 13.00 13.00 13.00 13.00 14.00 14.00 16.00 22.00 31.00 32.00 40.00 41.00 25.00 27.00 28.00 26.00 26.00 27.00 27.00 31.00 42.00
2018122900 TD2 247.28 246.87 246.45 246.96 247.80 248.22 248.05 248.80 248.72 249.23 249.91 251.95 251.11 252.25 252.79 251.50 251.59 251.97 251.19 251.02 250.96 250.43 251.05 251.55
2018123000 SPD10 2.77 3.07 3.40 3.23 2.66 2.37 1.28 1.38 1.18 0.30 0.48 1.07 0.94 0.69 0.65 1.06 0.90 0.98 1.01 1.49 1.79 0.46 0.73 2.53
2018123000 DIR10 12.00 5.00 19.00 30.00 352.00 13.00 79.00 62.00 297.00 294.00 106.00 131.00 89.00 14.00 23.00 59.00 36.00 20.00 38.00 355.00 343.00 40.00 323.00 351.00
2018123000 SLP 1041.90 1042.40 1042.50 1041.80 1040.70 1039.40 1039.00 1038.80 1038.80 1039.10 1039.80 1040.10 1040.40 1040.70 1040.90 1041.00 1040.90 1040.40 1040.70 1040.70 1040.10 1040.00 1040.40 1040.50
2018123000 T2 262.95 265.75 266.85 268.25 269.65 270.65 270.45 270.55 271.15 268.85 266.25 263.95 263.95 262.85 262.35 262.45 261.75 262.65 261.75 261.75 261.65 261.15 261.25 259.85
2018123000 RH2 38.00 29.00 25.00 21.00 19.00 18.00 17.00 17.00 16.00 19.00 31.00 36.00 35.00 42.00 49.00 49.00 53.00 47.00 54.00 52.00 53.00 63.00 55.00 56.00
2018123000 TD2 252.36 252.07 251.50 250.92 251.10 251.40 250.63 250.72 250.60 250.40 253.22 252.71 252.41 253.32 254.49 254.58 254.76 254.33 254.96 254.56 254.67 256.05 254.69 253.55
2018123100 SPD10 1.86 2.03 1.88 1.93 1.27 1.45 1.50 1.58 0.70 0.72 0.75 0.75 0.58 0.60 1.42 0.71 0.42 1.03 0.50 1.22 0.41 1.72 1.38 1.06
2018123100 DIR10 352.00 343.00 347.00 331.00 259.00 305.00 94.00 141.00 102.00 111.00 84.00 68.00 63.00 15.00 1.00 324.00 27.00 357.00 42.00 332.00 314.00 353.00 336.00 22.00
2018123100 SLP 1040.70 1041.30 1041.40 1040.80 1040.40 1039.10 1037.90 1038.20 1038.00 1038.20 1038.30 1038.30 1038.50 1038.40 1038.30 1038.50 1038.30 1037.90 1037.80 1037.80 1037.30 1036.80 1037.20 1037.40
2018123100 T2 259.35 263.05 266.15 268.35 268.45 269.25 269.65 269.65 269.65 269.05 268.25 267.75 266.25 264.95 265.75 265.05 265.35 264.05 263.15 262.85 261.45 262.25 261.45 261.45
2018123100 RH2 61.00 53.00 37.00 30.00 28.00 26.00 24.00 23.00 24.00 26.00 30.00 30.00 45.00 46.00 49.00 48.00 41.00 45.00 49.00 49.00 68.00 54.00 59.00 58.00
2018123100 TD2 253.98 256.00 255.01 254.77 254.12 254.05 253.55 253.10 253.55 253.87 254.68 254.23 257.23 256.25 257.69 256.81 255.38 255.17 255.24 254.96 257.17 255.44 255.63 255.45
