2018030112   SPD10    3.63084    3.41451    3.19818    2.98185    2.93605    2.89026    2.84446    2.37951    1.91456    1.44962    1.50620    1.56277    1.61935    1.39826    1.17718    0.95609    1.29597    1.63584    1.97572    1.72919    1.48265    1.23612    1.38328    1.53044    1.67760    1.77168    1.86576    1.95984    2.02067    2.08149    2.14232    2.21433    2.28635    2.35836    2.24731    2.13626
2018030112   SPD10    3.63084    3.41451    3.19818    2.98185    2.93605    2.89026    2.84446    2.37951    1.91456    1.44962    1.50620    1.56277    1.61935    1.39826    1.17718    0.95609    1.29597    1.63584    1.97572    1.72919    1.48265    1.23612    1.38328    1.53044    1.67760    1.77168    1.86576    1.95984    2.02067    2.08149    2.14232    2.21433    2.28635    2.35836    2.24731    2.13626
2018030112     U10    0.04887   -0.28402   -0.61691   -0.94980   -1.16050   -1.37120   -1.58189   -1.53200   -1.48210   -1.43221   -1.34103   -1.24985   -1.15868   -1.08473   -1.01079   -0.93684   -0.62713   -0.31741   -0.00770    0.04414    0.09597    0.14780   -0.19050   -0.52879   -0.86709   -0.92871   -0.99033   -1.05195   -0.99338   -0.93481   -0.87624   -1.16671   -1.45718   -1.74766   -1.35989   -0.97212
2018030112     U10    0.04887   -0.28402   -0.61691   -0.94980   -1.16050   -1.37120   -1.58189   -1.53200   -1.48210   -1.43221   -1.34103   -1.24985   -1.15868   -1.08473   -1.01079   -0.93684   -0.62713   -0.31741   -0.00770    0.04414    0.09597    0.14780   -0.19050   -0.52879   -0.86709   -0.92871   -0.99033   -1.05195   -0.99338   -0.93481   -0.87624   -1.16671   -1.45718   -1.74766   -1.35989   -0.97212
2018030112     V10    3.63051    3.36252    3.09453    2.82654    2.67236    2.51819    2.36401    1.65068    0.93734    0.22400   -0.22776   -0.67951   -1.13127   -0.69056   -0.24984    0.19087    0.78582    1.38076    1.97571    1.72622    1.47674    1.22725    0.33945   -0.54834   -1.43614   -1.50863   -1.58111   -1.65359   -1.75404   -1.85448   -1.95493   -1.83113   -1.70733   -1.58353   -1.70204   -1.82056
2018030112     V10    3.63051    3.36252    3.09453    2.82654    2.67236    2.51819    2.36401    1.65068    0.93734    0.22400   -0.22776   -0.67951   -1.13127   -0.69056   -0.24984    0.19087    0.78582    1.38076    1.97571    1.72622    1.47674    1.22725    0.33945   -0.54834   -1.43614   -1.50863   -1.58111   -1.65359   -1.75404   -1.85448   -1.95493   -1.83113   -1.70733   -1.58353   -1.70204   -1.82056
2018030112   DIR10  180.77127  175.17194  168.72563  161.42616  156.52667  151.43097  146.21130  137.13550  122.31081   98.88912   80.36095   61.46813   45.68564   57.51852   76.11611  101.51583  141.40819  167.05374  179.77684  181.46465  183.71825  186.86719  150.69937   43.96010   31.12202   31.61641   32.06096   32.46281   29.52451   26.75177   24.14290   32.50343   40.48036   47.82069   38.62398   28.10088
2018030112   DIR10  180.77127  175.17194  168.72563  161.42616  156.52667  151.43097  146.21130  137.13550  122.31081   98.88912   80.36095   61.46813   45.68564   57.51852   76.11611  101.51583  141.40819  167.05374  179.77684  181.46465  183.71825  186.86719  150.69937   43.96010   31.12202   31.61641   32.06096   32.46281   29.52451   26.75177   24.14290   32.50343   40.48036   47.82069   38.62398   28.10088
2018030112      T2  274.30432  273.67856  273.05283  272.42706  272.14661  271.86615  271.58569  270.74765  269.90964  269.07159  269.58963  270.10764  270.62567  272.54102  274.45636  276.37170  277.86093  279.35019  280.83942  280.86868  280.89798  280.92725  278.82776  276.72827  274.62878  273.54721  272.46567  271.38409  271.28067  271.17722  271.07379  271.00308  270.93234  270.86163  271.84155  272.82144
2018030112      T2  274.30432  273.67856  273.05283  272.42706  272.14661  271.86615  271.58569  270.74765  269.90964  269.07159  269.58963  270.10764  270.62567  272.54102  274.45636  276.37170  277.86093  279.35019  280.83942  280.86868  280.89798  280.92725  278.82776  276.72827  274.62878  273.54721  272.46567  271.38409  271.28067  271.17722  271.07379  271.00308  270.93234  270.86163  271.84155  272.82144
2018030112     RH2   33.81270   35.16278   36.51287   37.86296   38.67233   39.48171   40.29108   43.01949   45.74791   48.47631   46.35141   44.22650   42.10160   38.69065   35.27971   31.86877   31.35594   30.84311   30.33028   34.39488   38.45948   42.52409   47.01969   51.51529   56.01089   61.07413   66.13737   71.20061   73.31660   75.43259   77.54857   81.29253   85.03648   88.78043   87.43519   86.08995
2018030112     RH2   33.81270   35.16278   36.51287   37.86296   38.67233   39.48171   40.29108   43.01949   45.74791   48.47631   46.35141   44.22650   42.10160   38.69065   35.27971   31.86877   31.35594   30.84311   30.33028   34.39488   38.45948   42.52409   47.01969   51.51529   56.01089   61.07413   66.13737   71.20061   73.31660   75.43259   77.54857   81.29253   85.03648   88.78043   87.43519   86.08995
2018030112    PSFC 1009.91357 1009.72253 1009.53149 1009.34045 1008.67969 1008.01892 1007.35815 1006.76056 1006.16296 1005.56537 1005.34064 1005.11584 1004.89111 1004.45251 1004.01398 1003.57538 1002.20032 1000.82532  999.45026  998.96991  998.48962  998.00928  998.02435  998.03937  998.05444  997.99908  997.94373  997.88837  997.26398  996.63953  996.01514  995.45563  994.89606  994.33655  994.89252  995.44843
2018030112    PSFC 1009.91357 1009.72253 1009.53149 1009.34045 1008.67969 1008.01892 1007.35815 1006.76056 1006.16296 1005.56537 1005.34064 1005.11584 1004.89111 1004.45251 1004.01398 1003.57538 1002.20032 1000.82532  999.45026  998.96991  998.48962  998.00928  998.02435  998.03937  998.05444  997.99908  997.94373  997.88837  997.26398  996.63953  996.01514  995.45563  994.89606  994.33655  994.89252  995.44843
2018030112     SLP 1017.20502 1017.03149 1016.85791 1016.68439 1016.03607 1015.38770 1014.73938 1014.15082 1013.56232 1012.97375 1012.75977 1012.54584 1012.33185 1011.85376 1011.37561 1010.89752 1009.47400 1008.05042 1006.62689 1006.12836 1005.62976 1005.13123 1005.14624 1005.16125 1005.17627 1005.14209 1005.10791 1005.07373 1004.45917 1003.84454 1003.22998 1002.67377 1002.11749 1001.56128 1002.12500 1002.68878
2018030112     SLP 1017.20502 1017.03149 1016.85791 1016.68439 1016.03607 1015.38770 1014.73938 1014.15082 1013.56232 1012.97375 1012.75977 1012.54584 1012.33185 1011.85376 1011.37561 1010.89752 1009.47400 1008.05042 1006.62689 1006.12836 1005.62976 1005.13123 1005.14624 1005.16125 1005.17627 1005.14209 1005.10791 1005.07373 1004.45917 1003.84454 1003.22998 1002.67377 1002.11749 1001.56128 1002.12500 1002.68878
2018030112     TD2  260.01178  259.92416  259.83658  259.74896  259.75412  259.75928  259.76443  259.76456  259.76471  259.76483  259.65656  259.54828  259.44000  259.99063  260.54123  261.09186  262.18359  263.27533  264.36707  265.88235  267.39761  268.91290  268.20135  267.48981  266.77826  266.80243  266.82657  266.85074  267.12540  267.40002  267.67468  268.20407  268.73349  269.26288  270.01797  270.77310
2018030112     TD2  260.01178  259.92416  259.83658  259.74896  259.75412  259.75928  259.76443  259.76456  259.76471  259.76483  259.65656  259.54828  259.44000  259.99063  260.54123  261.09186  262.18359  263.27533  264.36707  265.88235  267.39761  268.91290  268.20135  267.48981  266.77826  266.80243  266.82657  266.85074  267.12540  267.40002  267.67468  268.20407  268.73349  269.26288  270.01797  270.77310
