2.165450
2.279230
1.836710
1.394190
0.951670
1.478270
2.004880
2.531480
2.399500
2.267510
2.135530
2.176800
2.218060
2.022730
1.765660
1.508580
1.251500
1.213870
1.176250
1.138620
1.106670
1.074720
1.042780
1.182310
1.321840
1.461370
1.168620
0.875880
0.583130
1.152920
1.722720
2.292510
2.229160
2.165810
2.102460
1.876690
1.650910
1.986970
1.849630
1.712280
1.574940
1.733060
1.891180
2.049290
2.363960
2.678630
2.993290
3.688800
4.384310
5.079820
5.350310
5.620790
5.891280
5.804190
5.717100
5.630010
4.701720
3.773430
2.845150
3.053070
3.260980
2.836260
2.799010
2.761750
2.724490
2.786900
2.849300
2.911700
2.620500
2.329310
2.038110
1.952170
1.866230
1.780290
1.724450
1.668610
1.612770
1.562810
1.512860
1.462900
1.434860
1.406820
1.378790
1.591130
1.803480
0.720970
0.811590
0.902210
0.992830
1.066580
1.140340
1.214090
1.308830
1.403570
1.498310
1.420600
1.342890
1.265190
0.926210
0.587230
0.248250
0.716720
1.185190
1.653660
1.950920
2.248180
2.545440
2.656960
2.768480
2.993760
2.449710
1.905660
1.361610
1.428880
1.496140
1.563410
1.771120
1.978830
2.186550
1.901300
1.616050
1.330810
1.035540
0.740270
0.445000
1.072510
1.700010
2.327520
2.392600
2.457680
2.522760
2.302470
2.082180
1.818030
1.765180
1.712330
1.659480
1.817400
1.975320
2.133240
2.195530
2.257810
2.320100
2.096940
1.873770
1.650610
1.568610
1.486620
1.404630
1.539100
1.673580
1.808060
2.021870
2.235680
2.449500
2.488270
2.527040
1.928600
1.817590
1.706570
1.595550
1.615010
1.634470
1.653930
1.641100
1.628270
1.615430
1.565010
1.514580
1.464160
1.181310
0.898460
0.615610
0.932030
1.248440
1.564850
1.375910
1.186970
0.998030
1.222360
1.446700
1.540130
1.525830
1.511530
1.497220
2.108190
2.719160
3.330130
2.984580
2.639040
2.293490
2.462700
2.631910
2.801120
3.030610
3.260090
3.489580
2.858610
2.227650
1.596680
1.371020
1.145360
0.919700
1.811560
2.703430
3.557050
3.690440
3.823830
3.957220
3.655760
3.354300
3.052840
3.009180
2.965510
2.921850
2.973780
3.025700
3.077620
3.007480
2.937330
2.867190
2.525870
2.184540
1.843220
2.521760
3.200300
3.878840
3.515210
3.151580
2.086120
1.719220
1.352310
0.985400
1.019990
1.054570
1.089150
0.780990
0.472820
0.164660
0.385100
0.605550
0.825990
0.869730
0.913470
0.957210
1.570090
2.182980
2.795870
2.693240
2.590610
2.487970
2.518820
2.549670
2.671250
2.263410
1.855570
1.447720
1.391390
1.335050
1.278720
1.667490
2.056260
2.445030
2.663100
2.881160
3.099230
3.839270
4.579320
5.319360
5.465040
5.610720
5.756410
5.289580
4.822760
4.355930
3.740350
3.124770
2.061080
2.096870
2.132660
2.168450
2.339950
2.511450
2.682960
2.644830
2.606700
2.568570
1.989150
1.409730
0.830310
1.045460
1.260610
1.475760
1.560380
1.645000
1.729620
1.611470
1.493310
1.375150
1.302360
1.229570
1.786080
1.764880
1.743690
1.722500
1.909210
2.095920
2.282630
2.313540
2.344450
2.375360
2.387840
2.400330
2.412810
2.395000
2.377180
2.359370
2.136580
1.913790
1.691000
1.997970
2.304940
2.611920
2.129680
1.647440
2.080260
2.134610
2.188960
2.243300
1.981230
1.719160
1.457090
1.488670
1.520250
1.551820
1.558240
1.564650
1.571070
1.572200
1.573340
1.574470
2.630070
3.685660
4.741260
4.395030
4.048800
3.702560
3.318700
2.934840
2.113090
2.076630
2.040160
2.003700
2.018220
2.032740
2.047260
2.020220
1.993190
1.966150
1.627840
1.289530
0.951220
0.834360
0.717500
0.600630
0.924700
1.248770
1.572840
1.890330
2.207830
2.525320
2.579430
2.633530
1.339140
1.288070
1.237010
1.185940
1.418070
1.650200
1.882330
1.819110
1.755890
1.692670
1.572640
1.452610
1.332580
1.611700
1.890810
2.169920
2.110840
2.051760
1.992680
2.074920
2.157160
2.239400
2.119950
2.000500
2.154660
1.910250
1.665830
1.421420
1.730120
2.038810
2.347510
2.594400
2.841290
3.088190
2.685720
2.283250
1.880780
1.634550
1.388320
1.142090
1.854860
2.567630
3.280400
3.076870
2.873340
2.669810
2.342540
2.015270
2.175400
1.985480
1.795560
1.605640
1.776480
1.947310
2.118140
2.144810
2.171470
2.198130
2.677110
3.156100
3.635090
3.148040
2.661000
2.173950
1.809940
1.445930
1.081910
1.640300
2.198680
2.757070
2.828100
2.899130
2.049710
1.990380
1.931060
1.871730
1.856120
1.840510
1.824890
1.740970
1.657040
1.573110
1.723980
1.874850
2.025720
1.544080
1.062450
0.580810
0.522300
0.463780
0.405270
1.001950
1.598640
2.195320
2.112160
2.029000
1.406310
2.456150
3.505990
4.555830
4.045360
3.534890
3.024420
2.972750
2.921080
2.869410
2.886010
2.902610
2.919210
2.648850
2.378490
2.108130
2.182860
2.257580
2.332300
2.279820
2.227340
2.174870
1.616140
1.057420
1.524740
1.634710
1.744680
1.854650
1.839990
1.825330
1.810670
1.756940
1.703210
1.649480
1.634060
1.618630
1.603200
1.549570
1.495940
1.442310
1.416320
1.390340
1.364360
1.270850
1.177340
1.083840
1.320540
1.557250
2.106170
2.064880
2.023580
1.982280
2.200190
2.418090
2.635990
2.240950
1.845920
1.450880
1.347030
1.243180
1.139330
1.139620
1.139920
1.140210
1.559110
1.978000
2.396900
2.556420
2.715950
2.875470
2.891020
2.906580
2.869740
2.337830
1.805930
1.274020
1.168940
1.063860
0.958770
0.969820
0.980860
0.991910
1.150700
1.309500
1.468300
1.049080
0.629860
0.210650
0.422430
0.634210
0.846000
1.089430
1.332870
1.576300
1.515900
1.455490
1.752290
1.794220
1.836150
1.878080
1.826720
1.775360
1.724000
1.747220
1.770450
1.793680
1.347540
0.901400
0.455250
0.674320
0.893380
1.112440
1.276120
1.439810
1.603490
1.866860
2.130240
2.393610
2.091700
1.789790
1.400980
1.326570
1.252160
1.177750
1.152160
1.126570
1.100990
1.103220
1.105450
1.107670
1.229110
1.350550
1.471990
1.138220
0.804440
0.470670
0.640220
0.809770
0.979320
1.148690
1.318050
1.487410
1.401530
1.315650
1.851760
1.893710
1.935660
1.977610
2.777780
3.577960
4.378130
4.495930
4.613730
4.731530
4.388720
4.045920
3.703110
3.550270
3.397430
3.244590
2.663150
2.081710
1.500270
1.824180
2.148080
2.471990
2.610740
2.749500
1.926580
1.949610
1.972630
1.995660
2.113830
2.231990
2.350160
2.155270
1.960370
1.765480
1.905100
2.044720
2.184350
2.205250
2.226150
2.247050
3.231480
4.215900
5.200330
4.924890
4.649460
4.374020
3.553060
2.732090
2.184210
2.243290
2.302380
2.361460
2.232500
2.103540
1.974580
1.848500
1.722420
1.596340
1.467110
1.337880
1.208650
1.104130
0.999610
0.895080
1.331800
1.768530
2.205250
1.922500
1.639750
1.357000
1.478810
1.600620
0.881360
1.524510
2.167670
2.810830
2.962340
3.113860
3.265370
3.896320
4.527280
5.158240
5.439340
5.720440
6.001540
5.849850
5.698150
5.546460
5.122470
4.698480
4.274490
3.820950
3.367410
2.913870
3.462210
4.010540
2.325890
2.989620
3.653350
4.317080
3.521210
2.725340
1.929460
1.821790
1.714120
1.606440
1.894750
2.183070
2.471380
3.469820
4.468260
5.466700
5.810660
6.154620
6.498590
6.149439
5.800290
5.451140
4.657350
3.863570
5.376170
5.343280
5.310390
5.277500
4.852069
4.426630
4.001190
4.090010
4.178820
4.267640
4.380640
4.493650
4.606650
5.014340
5.422030
5.829710
5.809940
5.790170
5.770400
4.809740
3.849080
2.888420
2.891470
2.894520
2.426570
2.242380
2.058190
1.874000
1.623100
1.372200
1.121300
1.177270
1.233230
1.289190
1.383670
1.478150
1.572630
1.376720
1.180820
0.984910
1.268750
1.552580
1.836410
1.553850
1.271290
0.988730
1.429650
1.870570
2.035230
1.822470
1.609700
1.396940
1.461680
1.526420
1.591160
1.772760
1.954360
2.135960
1.770580
1.405200
1.039820
0.802740
0.565650
0.328560
0.624360
0.920160
1.215960
1.080150
0.944340
0.808530
0.777660
0.746780
0.524900
0.854960
1.185030
1.515090
1.550370
1.585650
1.620930
2.702770
3.784620
4.866460
5.008810
5.151169
5.293530
5.563120
5.832720
6.102310
5.884570
5.666830
5.449090
5.014460
4.579830
4.145190
3.820530
3.495870
3.484960
3.242900
3.000850
2.758790
2.834980
2.911160
2.987340
2.915850
2.844360
2.772870
2.430790
2.088710
1.746620
1.873660
2.000700
2.127740
2.671880
3.216020
3.760160
3.674720
3.589280
3.503840
3.267360
3.030880
2.806040
2.534440
2.262850
1.991250
2.681410
3.371570
4.061740
4.179920
4.298110
4.416290
4.847050
5.277810
5.708570
5.569010
5.429440
5.289880
4.512169
3.734460
2.956750
2.771400
2.586040
2.400690
2.316490
2.232280
2.993290
2.720040
2.446790
2.173540
2.239540
2.305540
2.371540
2.046780
1.722030
1.397270
1.487600
1.577930
1.668250
1.408970
1.149690
0.890410
1.379450
1.868490
2.357530
2.538750
2.719960
2.901170
2.743300
2.585420
2.446950
2.054710
1.662460
1.270210
1.252740
1.235270
1.217800
1.103570
0.989340
0.875100
0.837970
0.800840
0.763710
0.843060
0.922410
1.001750
1.330380
1.659010
1.987640
1.912990
1.838340
1.763690
1.328540
0.893380
0.798800
0.924790
1.050780
1.176760
1.384760
1.592760
1.800760
1.839090
1.877420
1.915750
2.398580
2.881410
3.364240
3.549710
3.735180
3.920660
4.793080
5.665510
6.537940
5.701049
4.864170
4.027280
3.823470
3.619660
4.283470
3.658540
3.033610
2.408680
2.664930
2.921180
3.177430
2.980970
2.784510
2.588050
2.319730
2.051410
1.783080
2.182900
2.582720
2.982540
2.975140
2.967750
2.960360
3.020820
3.081280
3.141740
3.162630
3.183520
2.889200
2.667210
2.445210
2.223210
2.625970
3.028730
3.431490
3.455100
3.478710
3.502320
3.601860
3.701410
3.800960
3.430190
3.059430
2.688670
2.988480
3.288290
3.588110
3.470750
3.353400
3.236050
3.001950
2.767860
1.179130
1.057570
0.936010
0.814440
1.229790
1.645140
2.060500
1.957800
1.855110
1.752420
1.878570
2.004730
2.130880
1.690820
1.250770
0.810710
0.955280
1.099840
1.244410
1.546150
1.847880
2.149620
2.385340
2.621060
1.392290
1.177250
0.962210
0.747180
1.168550
1.589920
2.011280
2.062500
2.113720
2.164930
1.778270
1.391620
1.004960
0.933900
0.862840
0.791770
1.152330
1.512880
1.873430
1.993740
2.114040
2.234350
2.138900
2.043460
2.491320
2.000740
1.510170
1.019590
1.143740
1.267890
1.392040
1.633330
1.874620
2.115900
2.160890
2.205880
2.250870
2.780180
3.309490
3.838790
4.310750
4.782700
5.254660
4.637600
4.020540
3.403480
3.333610
3.263740
2.954600
2.797950
2.641290
2.484630
2.505600
2.526570
2.547540
2.608140
2.668750
2.729360
2.777560
2.825760
2.873960
2.546700
2.219440
1.892180
1.386030
0.879880
0.373730
0.870600
1.367460
1.864320
2.682040
3.499760
3.698620
4.339910
4.981210
5.622500
5.861700
6.100890
6.340090
5.941880
5.543680
5.145470
4.494810
3.844150
3.193500
3.346470
3.499450
3.652420
3.803880
3.955340
4.106800
4.088440
4.070080
4.051730
3.739540
3.427350
2.862400
2.448210
2.034020
1.619830
1.503520
1.387220
1.270920
1.521580
1.772240
2.022900
1.662760
1.302620
0.942480
1.156150
1.369810
1.583480
1.916610
2.249750
2.582880
2.559900
2.536910
2.513920
2.550680
2.587430
2.595420
2.095760
1.596100
1.096440
1.189670
1.282900
1.376130
2.144710
2.913290
3.681860
3.886950
4.092040
4.297130
4.022260
3.747380
3.472510
2.962020
2.451530
1.941040
1.692870
1.444690
1.196510
1.687700
2.178880
2.326690
2.585930
2.845170
3.104410
3.434890
3.765360
4.095830
3.966220
3.836610
3.707000
3.536910
3.366820
3.196740
2.938780
2.680830
2.422880
1.769000
1.115120
0.461240
0.873710
1.286180
1.698660
1.835660
1.972670
1.463950
2.078980
2.694010
3.309040
3.448450
3.587860
3.727270
4.347410
4.967560
5.587710
5.634689
5.681670
5.728650
6.039840
6.351030
6.662220
6.478270
6.294330
6.110390
5.853090
5.595790
5.338490
5.649420
5.960350
6.895579
6.545980
6.196380
5.846780
5.486670
5.126550
4.766450
5.121120
5.475790
5.830460
5.433900
5.037330
4.640770
4.935510
5.230240
5.524980
5.478510
5.432040
5.385560
4.730420
4.075270
3.420120
3.125970
2.831820
2.405770
2.796640
3.187500
3.578360
3.334400
3.090450
2.846490
3.271330
3.696180
4.121020
4.179060
4.237100
4.295140
4.074650
3.854160
3.633670
3.724260
3.814840
3.905420
3.704480
3.503540
3.302590
2.779120
2.255640
2.259560
2.351590
2.443610
2.535630
2.220180
1.904740
1.589290
1.710160
1.831020
1.951890
2.009050
2.066220
2.123380
1.993550
1.863720
1.733890
1.290630
0.847370
0.404110
0.624700
0.845290
1.065880
1.364960
1.664040
1.275390
1.241190
1.206990
1.172790
1.306100
1.439410
1.572710
1.727240
1.881770
2.036290
1.889510
1.742740
1.595960
1.251190
0.906410
0.561640
0.918330
1.275030
1.631720
1.325360
1.019000
0.712650
0.854530
0.996420
1.138300
1.213130
1.287960
1.362780
1.437300
1.511810
1.586330
1.545590
1.504850
1.464110
2.121200
2.778290
