2.770118
3.017946
2.834760
2.632965
2.413623
2.775601
3.094076
3.385654
3.221096
3.111679
2.967668
2.878946
2.791728
2.611375
2.386721
2.164381
2.003207
1.959862
1.969079
2.032924
2.075216
2.224839
2.397768
2.668706
2.930729
3.184600
3.301583
3.484096
3.569717
4.055034
4.448931
4.872638
4.925848
4.839461
4.780124
4.549053
4.293739
4.340841
4.138546
3.952725
3.792344
3.764344
3.757489
3.783358
3.950163
4.180613
4.462024
5.092404
5.799131
6.531059
6.892167
7.217524
7.585689
7.631296
7.657374
7.631911
6.624299
5.552069
4.473875
4.620386
4.781280
4.160850
3.963025
3.816712
3.649095
3.584809
3.495411
3.424619
3.166081
2.969305
2.896002
2.910410
2.888786
3.112343
3.080548
3.019179
2.949320
2.874999
2.924218
2.825948
2.662011
2.488477
2.281378
2.121078
1.949801
1.318385
1.090133
0.958603
0.841757
0.764821
0.671207
0.776143
0.894114
1.041732
1.265309
1.454618
1.568280
1.775289
1.817259
1.848310
1.872346
2.191137
2.456379
2.648230
2.707869
2.757927
2.808081
2.732998
2.642805
2.645756
2.226763
1.916396
1.640515
1.680362
1.766671
1.854054
1.977356
2.121883
2.268344
2.178592
2.090623
2.028785
1.974633
1.947052
1.885291
2.165234
2.465670
2.839956
2.826912
2.805670
2.729449
2.456302
2.188947
1.918170
1.745502
1.592922
1.443519
1.403608
1.407453
1.479402
1.557376
1.620920
1.738774
1.732589
1.769655
1.810826
1.946968
2.143171
2.277263
2.500513
2.712434
2.851300
3.018783
3.113660
3.246174
3.169682
3.070343
2.610193
2.469750
2.310358
2.136767
2.069451
2.011130
1.999326
1.991074
2.059093
2.174786
2.282929
2.367884
2.467273
2.494819
2.457119
2.418645
2.709238
2.955869
3.178565
3.002107
2.873155
2.721727
2.745145
2.715652
2.630359
2.456289
2.262124
2.101934
2.400200
2.772906
3.308147
3.176877
2.977837
2.932655
3.245747
3.579453
3.890568
4.180757
4.481850
4.783445
4.315934
3.933268
3.663856
3.647265
3.638741
3.544036
3.837206
4.296852
4.835813
4.889005
4.960646
5.030384
4.745299
4.485248
4.266618
4.247995
4.178930
4.205549
4.373075
4.500461
4.634588
4.611104
4.527882
4.383783
4.069541
3.821743
3.547117
3.851297
4.203287
4.577210
4.036116
3.549845
2.765684
2.432942
2.077438
1.819095
1.820087
1.797110
1.882600
1.729582
1.720760
1.792070
1.888680
2.083680
2.401378
2.611419
2.886651
3.188701
3.640647
4.238270
4.862912
5.031274
5.100032
5.100769
5.104712
4.995313
4.991608
4.614335
4.287914
4.030997
3.967561
3.896327
3.808244
3.901086
4.038180
4.249066
4.358618
4.496860
4.636677
5.270221
6.038695
6.895563
7.091179
7.274711
7.448164
6.791979
6.095263
5.379897
4.443288
3.571963
2.172101
2.328248
2.494506
2.673391
3.017717
3.268153
3.407956
3.305898
3.159003
3.000308
2.631463
2.306106
2.033707
2.200410
2.236732
2.348448
2.359818
2.441203
2.531371
2.385138
2.329438
2.178139
1.993749
1.749434
1.843760
1.598450
1.440132
1.343116
1.276419
1.347162
1.551107
1.656332
1.861556
2.160016
2.451474
2.718593
2.936147
3.155039
3.378528
3.519242
3.424123
3.280399
3.087707
3.264540
3.426076
3.555549
3.044805
2.565621
2.655746
2.438582
2.228274
2.031086
1.662864
1.337353
1.131925
1.085914
1.084554
1.230517
1.408996
1.559370
1.907781
2.181155
2.536103
2.869067
4.121057
5.319605
6.509105
6.382752
6.210031
6.013874
5.806901
5.621711
5.174150
5.218083
5.251196
5.307113
5.274779
5.231225
5.128610
5.011378
4.818471
4.577623
3.993764
3.511433
3.124075
2.893194
2.528298
2.237038
2.236392
2.072469
1.808693
1.712726
1.761771
1.916114
2.011467
2.029153
1.260399
1.111146
1.002437
0.871800
0.867973
0.908533
1.080425
1.144480
1.295001
1.595438
1.889041
2.161914
2.389607
2.985652
3.634236
4.181582
4.365235
4.498695
4.598519
4.673002
4.666321
4.625794
4.364781
4.052497
3.895119
3.458859
3.039192
2.616860
2.447811
2.279526
2.217495
2.178185
2.176060
2.248405
1.849341
1.490071
1.130890
0.933873
0.773178
0.605745
1.167110
1.774578
2.511263
2.374495
2.208475
2.068301
1.862431
1.674592
1.783644
1.689680
1.587858
1.582977
1.782793
1.974312
2.200362
2.343521
2.550707
2.720497
3.132796
3.620277
4.075210
3.887200
3.661852
3.395867
3.089726
2.825056
2.614112
2.945311
3.275301
3.529649
3.479498
3.467409
2.853466
2.697193
2.515633
2.417076
2.361991
2.426425
2.551302
2.666674
2.855995
3.067097
3.397078
3.671642
4.114591
4.208535
4.228123
4.222386
4.458715
4.578653
4.602052
4.902349
5.169147
5.424629
5.192499
4.863426
4.308042
4.483508
4.821992
5.379728
4.817053
4.438620
4.199862
4.301934
4.427166
4.575702
4.770772
4.922215
5.061773
4.910625
4.740260
4.489600
4.526182
4.530584
4.526076
4.342869
4.118741
3.820879
2.911711
2.140459
2.203821
2.006211
1.832317
1.690277
1.505197
1.386691
1.437206
1.520889
1.530205
1.628372
1.623965
1.729302
1.843246
1.902870
1.948142
1.920008
1.847684
1.924427
1.720015
1.493458
1.380729
1.269143
1.211178
1.128361
1.121544
1.019903
0.956167
0.937723
1.106287
1.379402
1.721030
1.734670
1.656662
1.606043
1.674148
1.737030
1.706549
1.804942
1.917281
1.935576
2.253210
2.575142
2.896859
2.955756
2.973149
3.000786
2.838540
2.763539
2.650073
2.174445
1.790514
1.484723
1.533167
1.612717
1.605310
1.680096
1.689182
1.720264
1.820375
1.864053
2.056526
1.887583
1.712138
1.477795
1.551585
1.595548
1.600339
1.605552
1.645593
1.754518
1.653933
1.492604
1.544752
1.520176
1.477769
1.428748
1.381384
1.395106
1.408474
1.460392
1.613541
1.805402
1.633972
1.362607
1.184383
1.406023
1.659540
1.888166
1.982274
2.038310
2.104954
2.210763
2.270888
2.315786
1.919553
1.565889
1.227474
1.108707
1.030870
0.997337
0.997290
0.977688
1.058779
1.162282
1.294128
1.481204
1.713888
2.006571
2.306825
2.322796
2.296585
2.309430
2.597903
2.854771
3.066340
3.238993
3.375596
3.447195
3.333453
3.236964
3.446305
3.368194
3.312705
3.244860
3.688507
4.297798
4.978546
5.173017
5.427615
5.708597
5.660216
5.582620
5.478168
5.452622
5.452399
5.423234
5.000530
4.590997
4.186924
4.318761
4.394959
4.468443
4.366309
4.292381
3.664319
3.542896
3.387715
3.299261
3.264863
3.265097
3.311617
3.184841
3.006182
2.887381
2.969505
3.074753
3.186623
3.138512
3.043677
3.048466
3.722146
4.349596
4.957919
4.565689
4.198110
3.892458
3.291901
2.762133
2.429167
2.425389
2.479778
2.558504
2.567636
2.566028
2.656709
2.712860
2.825143
2.917449
3.067045
3.164384
3.210229
3.192089
3.188508
3.354417
3.827353
4.153117
4.485613
4.585563
4.694928
4.841218
5.055130
5.282149
5.095961
5.462191
5.779351
6.074180
6.107410
6.170952
6.240746
6.623719
7.029891
7.489145
7.709472
7.948952
8.227746
8.136216
8.091290
8.094772
7.808666
7.547165
7.321154
7.088940
6.852761
6.639982
7.917542
8.941983
6.601286
7.460341
7.915469
8.043550
5.773218
3.875897
3.054595
3.083516
3.374925
3.944498
4.862803
5.891178
6.652668
7.574834
8.372150
9.176615
9.345836
9.598221
9.826207
9.363146
8.851261
8.342616
7.442912
6.611181
8.276251
8.325228
8.483914
8.660645
8.452410
8.189470
7.913187
8.112494
8.329886
8.438042
8.466540
8.431412
8.339436
8.282243
8.186659
8.161798
7.909631
7.654057
7.395503
6.195590
4.922809
3.770393
3.347918
2.941281
2.316965
1.941869
1.624793
1.343972
1.058494
0.812141
0.604214
0.627532
0.698965
0.801890
0.911728
1.093525
1.326968
1.349774
1.342932
1.390658
1.836153
2.270047
2.660326
2.638063
2.693734
2.824716
3.283611
3.553332
3.642136
3.642003
3.646319
3.697229
3.843255
4.027382
4.234558
4.533235
4.953933
5.447222
5.641894
5.716250
5.764186
5.849617
5.857311
5.827807
6.198758
6.496359
6.711800
6.476830
6.171406
5.871143
5.641765
5.457226
5.166267
5.363456
5.560381
5.818304
5.878561
5.987628
6.140569
6.969868
7.873994
8.870326
9.096886
9.305694
9.480918
9.746323
10.004957
10.265217
9.984663
9.617131
9.157745
8.337111
7.436905
6.494144
5.606695
4.643062
3.911454
2.829160
1.664636
0.442161
0.064785
0.203140
1.040170
2.043480
3.537429
5.140092
5.923330
6.727070
7.658168
8.449402
8.733760
8.808715
8.522020
8.217536
7.946060
7.487174
7.048811
6.603051
6.078262
5.514854
5.026875
4.502708
4.094377
3.674339
3.915496
4.368358
5.039753
5.264091
5.476518
5.665971
6.152220
6.612090
7.071082
7.151715
7.201172
7.195283
6.638729
5.968193
5.134785
4.814316
4.409431
3.923686
3.537372
3.139595
3.820065
3.174967
2.593753
2.051339
1.905933
1.742285
1.619315
1.444841
1.395505
1.358337
1.341611
1.396666
1.472842
1.516013
1.504583
1.437233
1.733438
2.033705
2.423140
2.688560
2.955282
3.167608
3.038801
2.913354
2.785102
2.521465
2.309989
2.226885
2.372162
2.580126
2.800253
2.962384
3.131628
3.297263
3.444175
3.517515
3.568012
3.674863
3.771314
3.811968
3.962290
4.123977
4.337620
4.150664
4.077060
3.986580
3.665362
3.396610
3.287210
3.360746
3.412626
3.448773
3.612192
3.896368
4.271493
4.522433
4.777145
4.971623
5.653941
6.211797
6.819790
7.115891
7.357389
7.500029
8.232151
8.965051
9.717453
8.915993
8.062558
7.128734
6.810248
6.517287
7.060944
6.351698
5.721704
5.091926
5.277828
5.458609
5.729449
5.573125
5.415943
5.208897
4.979009
4.708385
4.488533
4.962476
5.430532
5.837255
5.669261
5.475123
5.423676
5.370479
5.301676
5.174562
4.976838
4.683503
3.982688
3.288850
2.696080
2.097243
1.720833
1.524734
1.349040
1.210398
1.211364
1.350345
1.687319
2.136864
2.667368
2.847637
2.955333
2.923728
3.481536
3.817146
4.194076
4.147223
4.095182
4.004003
3.691741
3.333746
2.129377
1.906001
1.584959
1.169472
0.883308
0.648824
0.488936
0.357127
0.386337
0.519586
0.867429
1.250534
1.678207
1.837057
1.942915
1.920599
2.135082
2.329015
2.501777
2.789816
3.044137
3.208524
3.235065
3.198353
2.223799
2.010835
1.824198
1.620455
1.650632
1.791313
2.139596
2.333102
2.564395
2.863485
2.866808
2.896427
2.862112
3.133132
3.288959
3.497157
3.913851
4.317833
4.699908
4.754114
4.799724
4.786983
4.486587
4.275300
4.454956
3.932029
3.533335
3.250447
3.250634
3.346409
3.490401
3.778760
4.118701
4.541174
4.815883
5.018291
5.287187
5.908526
6.480238
6.968425
7.359603
7.692277
8.040648
7.445571
6.882515
6.307741
6.207514
6.152720
5.904898
5.783322
5.682000
5.520648
5.464083
5.349941
5.257754
5.121972
5.036271
5.017787
5.031770
5.141044
5.387025
5.563406
5.716387
5.897999
5.756010
5.655397
5.485463
5.851424
6.202153
6.429156
6.868843
7.217059
7.026674
7.170930
7.335257
7.527859
7.372114
7.242313
7.202688
6.715799
6.388370
6.148500
5.810062
5.438177
5.009940
5.374422
5.670885
5.919363
6.114557
6.261014
6.345643
6.228222
6.058685
5.803534
5.282376
4.820092
4.072228
3.330664
2.695654
2.247657
2.033200
1.825144
1.476728
1.227012
1.069693
0.953058
0.861370
0.820114
0.851252
0.963215
1.184741
1.494861
1.963578
2.463965
3.098267
3.483330
3.809260
4.297065
4.577964
4.830266
5.071747
4.761398
4.369045
4.049084
4.277297
4.473263
4.715779
5.501957
6.244750
7.009658
7.289240
7.614159
7.963551
7.910168
7.899883
7.884511
7.665352
7.459284
7.218585
7.068753
6.836794
6.564209
6.733206
6.832985
6.640144
6.522685
6.367867
6.212399
6.171891
6.202869
6.285112
5.975233
5.686649
5.403790
5.090963
4.930209
4.780478
4.663928
4.722106
4.840057
4.372318
3.960682
3.658028
4.048853
4.467110
5.030690
5.402716
5.741605
5.497158
6.172659
6.760538
7.091588
6.855315
6.453744
6.190746
6.542643
7.092087
7.709571
8.013422
8.302367
8.701951
9.217434
9.774230
10.309930
10.443962
10.523069
10.494133
10.367810
10.180505
9.917783
10.035933
10.118036
10.661054
10.264532
9.944683
9.664392
9.328725
8.976524
8.559147
8.929953
9.205646
9.377978
8.810879
8.250956
7.686067
7.803803
7.889493
7.933789
7.641901
7.422195
7.193057
6.464141
5.726214
5.051083
4.733549
4.363963
3.964326
4.255306
4.459858
4.738851
4.686043
4.716340
4.778346
5.070381
5.327469
5.549671
5.630223
5.668513
5.953001
6.064156
6.098620
6.095870
6.247316
6.384718
6.556581
6.587320
6.448503
6.316980
5.945980
5.478980
5.357572
5.152084
4.867007
4.663369
4.330139
4.104373
3.790829
3.793197
3.854825
3.926961
4.086861
4.372244
4.672268
4.969410
5.198994
5.385840
5.370263
5.314915
5.352187
5.709499
6.043841
6.244845
6.431156
6.506988
6.070923
5.949058
5.858611
5.764355
5.782142
5.791359
5.807114
5.876625
5.948178
6.028039
5.864898
5.690691
5.479294
5.205139
4.979583
4.756712
4.936372
5.131505
5.357306
5.149962
4.934219
4.677459
4.597540
4.566499
4.572072
4.576079
4.576718
4.558860
4.596577
4.724194
4.887757
4.917039
5.008451
5.058562
5.640413
6.235882
